spaces=49--------------------------
0 0 3 0 2 0 6 0 0 
9 0 0 3 0 5 0 0 1 
0 0 1 8 0 6 4 0 0 
0 0 8 1 0 2 9 0 0 
7 0 0 0 0 0 0 0 8 
0 0 6 7 0 8 2 0 0 
0 0 2 6 0 9 5 0 0 
8 0 0 2 0 3 0 0 9 
0 0 5 0 1 0 3 0 0 
count=1---------------------------

spaces=51--------------------------
2 0 0 0 8 0 3 0 0 
0 6 0 0 7 0 0 8 4 
0 3 0 5 0 0 2 0 9 
0 0 0 1 0 5 4 0 8 
0 0 0 0 0 0 0 0 0 
4 0 2 7 0 6 0 0 0 
3 0 1 0 0 7 0 4 0 
7 2 0 0 4 0 0 6 0 
0 0 4 0 1 0 0 0 3 
count=1---------------------------

spaces=53--------------------------
0 0 0 0 0 0 9 0 7 
0 0 0 4 2 0 1 8 0 
0 0 0 7 0 5 0 2 6 
1 0 0 9 0 4 0 0 0 
0 5 0 0 0 0 0 4 0 
0 0 0 5 0 7 0 0 9 
9 2 0 1 0 8 0 0 0 
0 3 4 0 5 9 0 0 0 
5 0 7 0 0 0 0 0 0 
count=1---------------------------

spaces=0--------------------------
4 6 2 8 3 1 9 5 7 
7 9 5 4 2 6 1 8 3 
3 8 1 7 9 5 4 2 6 
1 7 3 9 8 4 2 6 5 
6 5 9 3 1 2 7 4 8 
2 4 8 5 6 7 3 1 9 
9 2 6 1 7 8 5 3 4 
8 3 4 2 5 9 6 7 1 
5 1 7 6 4 3 8 9 2 
count=70291---------------------------

#2 of puzzle easy50, cost 13ms
spaces=51--------------------------
0 3 0 0 5 0 0 4 0 
0 0 8 0 1 0 5 0 0 
4 6 0 0 0 0 0 1 2 
0 7 0 5 0 2 0 8 0 
0 0 0 6 0 3 0 0 0 
0 4 0 1 0 9 0 3 0 
2 5 0 0 0 0 0 9 8 
0 0 1 0 2 0 6 0 0 
0 8 0 0 6 0 0 2 0 
count=1---------------------------

spaces=45--------------------------
0 2 0 8 1 0 7 4 0 
7 0 0 0 0 3 1 0 0 
0 9 0 0 0 2 8 0 5 
0 0 9 0 4 0 0 8 7 
4 0 0 2 0 8 0 0 3 
1 6 0 0 3 0 2 0 0 
3 0 2 7 0 0 0 6 0 
0 0 5 6 0 0 0 0 8 
0 7 6 0 5 1 0 9 0 
count=1---------------------------

spaces=57--------------------------
1 0 0 9 2 0 0 0 0 
5 2 4 0 1 0 0 0 0 
0 0 0 0 0 0 0 7 0 
0 5 0 0 0 8 1 0 2 
0 0 0 0 0 0 0 0 0 
4 0 2 7 0 0 0 9 0 
0 6 0 0 0 0 0 0 0 
0 0 0 0 3 0 9 4 5 
0 0 0 0 7 1 0 0 6 
count=1---------------------------

spaces=0--------------------------
1 7 6 9 2 3 5 8 4 
5 2 4 8 1 7 6 3 9 
8 9 3 6 5 4 2 7 1 
9 5 7 3 4 8 1 6 2 
6 3 8 1 9 2 4 5 7 
4 1 2 7 6 5 3 9 8 
2 6 5 4 8 9 7 1 3 
7 8 1 2 3 6 9 4 5 
3 4 9 5 7 1 8 2 6 
count=216097---------------------------

#5 of puzzle easy50, cost 39ms
spaces=55--------------------------
0 4 3 0 8 0 2 5 0 
6 0 0 0 0 0 0 0 0 
0 0 0 0 0 1 0 9 4 
9 0 0 0 0 4 0 7 0 
0 0 0 6 0 8 0 0 0 
0 1 0 2 0 0 0 0 3 
8 2 0 5 0 0 0 0 0 
0 0 0 0 0 0 0 0 5 
0 3 4 0 9 0 7 1 0 
count=1---------------------------

spaces=45--------------------------
4 8 0 0 0 6 9 0 2 
0 0 2 0 0 8 0 0 1 
9 0 0 3 7 0 0 6 0 
8 4 0 0 1 0 2 0 0 
0 0 3 7 0 4 1 0 0 
0 0 1 0 6 0 0 4 9 
0 2 0 0 8 5 0 0 7 
7 0 0 9 0 0 6 0 0 
6 0 9 2 0 0 0 1 8 
count=1---------------------------

spaces=55--------------------------
0 0 0 9 0 0 0 0 2 
0 5 0 1 2 3 4 0 0 
0 3 0 0 0 0 1 6 0 
9 0 8 0 0 0 0 0 0 
0 7 0 0 0 0 0 9 0 
0 0 0 0 0 0 2 0 5 
0 9 1 0 0 0 0 5 0 
0 0 7 4 3 9 0 2 0 
4 0 0 0 0 7 0 0 0 
count=1---------------------------

spaces=0--------------------------
8 1 4 9 7 6 5 3 2 
6 5 9 1 2 3 4 7 8 
7 3 2 8 5 4 1 6 9 
9 4 8 2 6 5 3 1 7 
2 7 5 3 4 1 8 9 6 
1 6 3 7 9 8 2 4 5 
3 9 1 6 8 2 7 5 4 
5 8 7 4 3 9 6 2 1 
4 2 6 5 1 7 9 8 3 
count=289665---------------------------

#8 of puzzle easy50, cost 52ms
spaces=53--------------------------
0 0 1 9 0 0 0 0 3 
9 0 0 7 0 0 1 6 0 
0 3 0 0 0 5 0 0 7 
0 5 0 0 0 0 0 0 9 
0 0 4 3 0 2 6 0 0 
2 0 0 0 0 0 0 7 0 
6 0 0 1 0 0 0 3 0 
0 4 2 0 0 7 0 0 6 
5 0 0 0 0 6 8 0 0 
count=1---------------------------

spaces=0--------------------------
7 6 1 9 2 8 4 5 3 
9 2 5 7 4 3 1 6 8 
4 3 8 6 1 5 9 2 7 
3 5 7 4 6 1 2 8 9 
8 9 4 3 7 2 6 1 5 
2 1 6 5 8 9 3 7 4 
6 8 9 1 5 4 7 3 2 
1 4 2 8 3 7 5 9 6 
5 7 3 2 9 6 8 4 1 
count=21952---------------------------

#9 of puzzle easy50, cost 4ms
spaces=53--------------------------
0 0 0 1 2 5 4 0 0 
0 0 8 4 0 0 0 0 0 
4 2 0 8 0 0 0 0 0 
0 3 0 0 0 0 0 9 5 
0 6 0 9 0 2 0 1 0 
5 1 0 0 0 0 0 6 0 
0 0 0 0 0 3 0 4 9 
0 0 0 0 0 7 2 0 0 
0 0 1 2 9 8 0 0 0 
count=1---------------------------

spaces=0--------------------------
9 7 6 1 2 5 4 3 8 
1 5 8 4 3 6 9 2 7 
4 2 3 8 7 9 1 5 6 
2 3 4 7 6 1 8 9 5 
8 6 7 9 5 2 3 1 4 
5 1 9 3 8 4 7 6 2 
7 8 2 5 1 3 6 4 9 
3 9 5 6 4 7 2 8 1 
6 4 1 2 9 8 5 7 3 
count=90725---------------------------

#10 of puzzle easy50, cost 16ms
spaces=49--------------------------
0 6 2 3 4 0 7 5 0 
1 0 0 0 0 5 6 0 0 
5 7 0 0 0 0 0 4 0 
0 0 0 0 9 4 8 0 0 
4 0 0 0 0 0 0 0 6 
0 0 5 8 3 0 0 0 0 
0 3 0 0 0 0 0 9 1 
0 0 6 4 0 0 0 0 7 
0 5 9 0 8 3 2 6 0 
count=1---------------------------

spaces=0--------------------------
9 6 2 3 4 1 7 5 8 
1 4 8 9 7 5 6 2 3 
5 7 3 2 6 8 1 4 9 
3 2 1 6 9 4 8 7 5 
4 8 7 5 1 2 9 3 6 
6 9 5 8 3 7 4 1 2 
8 3 4 7 2 6 5 9 1 
2 1 6 4 5 9 3 8 7 
7 5 9 1 8 3 2 6 4 
count=11516---------------------------

#11 of puzzle easy50, cost 2ms
spaces=54--------------------------
3 0 0 0 0 0 0 0 0 
0 0 5 0 0 9 0 0 0 
2 0 0 5 0 4 0 0 0 
0 2 0 0 0 0 7 0 0 
1 6 0 0 0 0 0 5 8 
7 0 4 3 1 0 6 0 0 
0 0 0 8 9 0 1 0 0 
0 0 0 0 6 7 0 8 0 
0 0 0 0 0 5 4 3 7 
count=1---------------------------

spaces=0--------------------------
3 9 7 6 8 1 5 2 4 
6 4 5 2 7 9 8 1 3 
2 1 8 5 3 4 9 7 6 
8 2 3 9 5 6 7 4 1 
1 6 9 7 4 2 3 5 8 
7 5 4 3 1 8 6 9 2 
4 7 2 8 9 3 1 6 5 
5 3 1 4 6 7 2 8 9 
9 8 6 1 2 5 4 3 7 
count=1048709---------------------------

#12 of puzzle easy50, cost 189ms
spaces=54--------------------------
6 3 0 0 0 0 0 0 0 
0 0 0 5 0 0 0 0 8 
0 0 5 6 7 4 0 0 0 
0 0 0 0 2 0 0 0 0 
0 0 3 4 0 1 0 2 0 
0 0 0 0 0 0 3 4 5 
0 0 0 0 0 7 0 0 4 
0 8 0 3 0 0 9 0 2 
9 4 7 1 0 0 0 8 0 
count=1---------------------------

spaces=0--------------------------
6 3 9 2 1 8 4 5 7 
4 7 1 5 3 9 2 6 8 
8 2 5 6 7 4 1 3 9 
5 6 4 8 2 3 7 9 1 
7 9 3 4 5 1 8 2 6 
2 1 8 7 9 6 3 4 5 
3 5 2 9 8 7 6 1 4 
1 8 6 3 4 5 9 7 2 
9 4 7 1 6 2 5 8 3 
count=258181---------------------------

#13 of puzzle easy50, cost 46ms
spaces=55--------------------------
0 0 0 0 2 0 0 4 0 
0 0 8 0 3 5 0 0 0 
0 0 0 0 7 0 6 0 2 
0 3 1 0 4 6 9 7 0 
2 0 0 0 0 0 0 0 0 
0 0 0 5 0 1 2 0 3 
0 4 9 0 0 0 7 3 0 
0 0 0 0 0 0 0 1 0 
8 0 0 0 0 4 0 0 0 
count=1---------------------------

spaces=0--------------------------
6 9 7 1 2 8 3 4 5 
4 2 8 6 3 5 1 9 7 
3 1 5 4 7 9 6 8 2 
5 3 1 2 4 6 9 7 8 
2 8 6 3 9 7 4 5 1 
9 7 4 5 8 1 2 6 3 
1 4 9 8 5 2 7 3 6 
7 5 2 9 6 3 8 1 4 
8 6 3 7 1 4 5 2 9 
count=14821---------------------------

#14 of puzzle easy50, cost 2ms
spaces=45--------------------------
3 6 1 0 2 5 9 0 0 
0 8 0 9 6 0 0 1 0 
4 0 0 0 0 0 0 5 7 
0 0 8 0 0 0 4 7 1 
0 0 0 6 0 3 0 0 0 
2 5 9 0 0 0 8 0 0 
7 4 0 0 0 0 0 0 5 
0 2 0 0 1 8 0 6 0 
0 0 5 4 7 0 3 2 9 
count=1---------------------------

spaces=45--------------------------
0 5 0 8 0 7 0 2 0 
6 0 0 0 1 0 0 9 0 
7 0 2 5 4 0 0 0 6 
0 7 0 0 2 0 3 0 1 
5 0 4 0 0 0 9 0 8 
1 0 3 0 8 0 0 7 0 
9 0 0 0 7 6 2 0 5 
0 6 0 0 9 0 0 0 3 
0 8 0 1 0 3 0 4 0 
count=1---------------------------

spaces=52--------------------------
0 8 0 0 0 5 0 0 0 
0 0 0 0 0 3 4 5 7 
0 0 0 0 7 0 8 0 9 
0 6 0 4 0 0 9 0 3 
0 0 7 0 1 0 5 0 0 
4 0 8 0 0 7 0 2 0 
9 0 1 0 2 0 0 0 0 
8 4 2 3 0 0 0 0 0 
0 0 0 1 0 0 0 8 0 
count=1---------------------------

spaces=49--------------------------
0 0 3 5 0 2 9 0 0 
0 0 0 0 4 0 0 0 0 
1 0 6 0 0 0 3 0 5 
9 0 0 2 5 1 0 0 8 
0 7 0 4 0 8 0 3 0 
8 0 0 7 6 3 0 0 1 
3 0 8 0 0 0 1 0 4 
0 0 0 0 2 0 0 0 0 
0 0 5 1 0 4 8 0 0 
count=1---------------------------

spaces=49--------------------------
0 0 0 0 0 0 0 0 0 
0 0 9 8 0 5 1 0 0 
0 5 1 9 0 7 4 2 0 
2 9 0 4 0 1 0 6 5 
0 0 0 0 0 0 0 0 0 
1 4 0 5 0 8 0 9 3 
0 2 6 7 0 9 5 8 0 
0 0 5 1 0 3 6 0 0 
0 0 0 0 0 0 0 0 0 
count=1---------------------------

spaces=51--------------------------
0 2 0 0 3 0 0 9 0 
0 0 0 9 0 7 0 0 0 
9 0 0 2 0 8 0 0 5 
0 0 4 8 0 6 5 0 0 
6 0 7 0 0 0 2 0 8 
0 0 3 1 0 2 9 0 0 
8 0 0 6 0 5 0 0 7 
0 0 0 3 0 9 0 0 0 
0 3 0 0 2 0 0 5 0 
count=1---------------------------

spaces=55--------------------------
0 0 5 0 0 0 0 0 6 
0 7 0 0 0 9 0 2 0 
0 0 0 5 0 0 1 0 7 
8 0 4 1 5 0 0 0 0 
0 0 0 8 0 3 0 0 0 
0 0 0 0 9 2 8 0 5 
9 0 7 0 0 6 0 0 0 
0 3 0 4 0 0 0 1 0 
2 0 0 0 0 0 6 0 0 
count=1---------------------------

spaces=0--------------------------
4 2 5 7 8 1 9 3 6 
1 7 8 3 6 9 5 2 4 
3 6 9 5 2 4 1 8 7 
8 9 4 1 5 7 3 6 2 
6 5 2 8 4 3 7 9 1 
7 1 3 6 9 2 8 4 5 
9 8 7 2 1 6 4 5 3 
5 3 6 4 7 8 2 1 9 
2 4 1 9 3 5 6 7 8 
count=133461---------------------------

#21 of puzzle easy50, cost 24ms
spaces=53--------------------------
0 4 0 0 0 0 0 5 0 
0 0 1 9 4 3 6 0 0 
0 0 9 0 0 0 3 0 0 
6 0 0 0 5 0 0 0 2 
1 0 3 0 0 0 5 0 6 
8 0 0 0 2 0 0 0 7 
0 0 5 0 0 0 2 0 0 
0 0 2 4 3 6 7 0 0 
0 3 0 0 0 0 0 4 0 
count=1---------------------------

spaces=0--------------------------
3 4 8 2 6 7 9 5 1 
5 7 1 9 4 3 6 2 8 
2 6 9 1 8 5 3 7 4 
6 9 7 3 5 1 4 8 2 
1 2 3 8 7 4 5 9 6 
8 5 4 6 2 9 1 3 7 
4 1 5 7 9 8 2 6 3 
9 8 2 4 3 6 7 1 5 
7 3 6 5 1 2 8 4 9 
count=30380---------------------------

#22 of puzzle easy50, cost 5ms
spaces=55--------------------------
0 0 4 0 0 0 0 0 0 
0 0 0 0 3 0 0 0 2 
3 9 0 7 0 0 0 8 0 
4 0 0 0 0 9 0 0 1 
2 0 9 8 0 1 3 0 7 
6 0 0 2 0 0 0 0 8 
0 1 0 0 0 8 0 5 3 
9 0 0 0 4 0 0 0 0 
0 0 0 0 0 0 8 0 0 
count=1---------------------------

spaces=0--------------------------
1 2 4 9 8 6 7 3 5 
8 6 7 4 3 5 9 1 2 
3 9 5 7 1 2 6 8 4 
4 7 8 3 5 9 2 6 1 
2 5 9 8 6 1 3 4 7 
6 3 1 2 7 4 5 9 8 
7 1 2 6 9 8 4 5 3 
9 8 3 5 4 7 1 2 6 
5 4 6 1 2 3 8 7 9 
count=27346---------------------------

#23 of puzzle easy50, cost 4ms
spaces=53--------------------------
3 6 0 0 2 0 0 8 9 
0 0 0 3 6 1 0 0 0 
0 0 0 0 0 0 0 0 0 
8 0 3 0 0 0 6 0 2 
4 0 0 6 0 3 0 0 7 
6 0 7 0 0 0 1 0 8 
0 0 0 0 0 0 0 0 0 
0 0 0 4 1 8 0 0 0 
9 7 0 0 3 0 0 1 4 
count=1---------------------------

spaces=57--------------------------
5 0 0 4 0 0 0 6 0 
0 0 9 0 0 0 8 0 0 
6 4 0 0 2 0 0 0 0 
0 0 0 0 0 1 0 0 8 
2 0 8 0 0 0 5 0 1 
7 0 0 5 0 0 0 0 0 
0 0 0 0 9 0 0 8 4 
0 0 3 0 0 0 6 0 0 
0 6 0 0 0 3 0 0 2 
count=1---------------------------

spaces=0--------------------------
5 8 1 4 7 9 2 6 3 
3 2 9 1 5 6 8 4 7 
6 4 7 3 2 8 1 5 9 
9 5 6 7 3 1 4 2 8 
2 3 8 9 6 4 5 7 1 
7 1 4 5 8 2 9 3 6 
1 7 2 6 9 5 3 8 4 
8 9 3 2 4 7 6 1 5 
4 6 5 8 1 3 7 9 2 
count=22165---------------------------

#25 of puzzle easy50, cost 4ms
spaces=54--------------------------
0 0 7 2 5 6 4 0 0 
4 0 0 0 0 0 0 0 5 
0 1 0 0 3 0 0 6 0 
0 0 0 5 0 8 0 0 0 
0 0 8 0 6 0 2 0 0 
0 0 0 1 0 7 0 0 0 
0 3 0 0 7 0 0 9 0 
2 0 0 0 0 0 0 0 4 
0 0 6 3 1 2 7 0 0 
count=1---------------------------

spaces=53--------------------------
0 0 0 0 0 0 0 0 0 
0 7 9 0 5 0 1 8 0 
8 0 0 0 0 0 0 0 7 
0 0 7 3 0 6 8 0 0 
4 5 0 7 0 8 0 9 6 
0 0 3 5 0 2 7 0 0 
7 0 0 0 0 0 0 0 5 
0 1 6 0 3 0 4 2 0 
0 0 0 0 0 0 0 0 0 
count=1---------------------------

spaces=0--------------------------
3 4 5 8 7 1 2 6 9 
2 7 9 6 5 3 1 8 4 
8 6 1 4 2 9 5 3 7 
1 9 7 3 4 6 8 5 2 
4 5 2 7 1 8 3 9 6 
6 8 3 5 9 2 7 4 1 
7 3 8 2 6 4 9 1 5 
5 1 6 9 3 7 4 2 8 
9 2 4 1 8 5 6 7 3 
count=79858---------------------------

#27 of puzzle easy50, cost 14ms
spaces=54--------------------------
0 3 0 0 0 0 0 8 0 
0 0 9 0 0 0 5 0 0 
0 0 7 5 0 9 2 0 0 
7 0 0 1 0 5 0 0 8 
0 2 0 0 9 0 0 3 0 
9 0 0 4 0 2 0 0 1 
0 0 4 2 0 7 1 0 0 
0 0 2 0 0 0 8 0 0 
0 7 0 0 0 0 0 9 0 
count=1---------------------------

spaces=0--------------------------
2 3 5 7 6 1 4 8 9 
4 1 9 3 2 8 5 7 6 
8 6 7 5 4 9 2 1 3 
7 4 6 1 3 5 9 2 8 
5 2 1 8 9 6 7 3 4 
9 8 3 4 7 2 6 5 1 
3 9 4 2 8 7 1 6 5 
6 5 2 9 1 3 8 4 7 
1 7 8 6 5 4 3 9 2 
count=29856---------------------------

#28 of puzzle easy50, cost 5ms
spaces=55--------------------------
2 0 0 1 7 0 6 0 3 
0 5 0 0 0 0 1 0 0 
0 0 0 0 0 6 0 7 9 
0 0 0 0 4 0 7 0 0 
0 0 0 8 0 1 0 0 0 
0 0 9 0 5 0 0 0 0 
3 1 0 4 0 0 0 0 0 
0 0 5 0 0 0 0 6 0 
9 0 6 0 3 7 0 0 2 
count=1---------------------------

spaces=0--------------------------
2 9 8 1 7 5 6 4 3 
6 5 7 3 9 4 1 2 8 
1 3 4 2 8 6 5 7 9 
8 2 1 6 4 9 7 3 5 
5 7 3 8 2 1 4 9 6 
4 6 9 7 5 3 2 8 1 
3 1 2 4 6 8 9 5 7 
7 8 5 9 1 2 3 6 4 
9 4 6 5 3 7 8 1 2 
count=70284---------------------------

#29 of puzzle easy50, cost 12ms
spaces=56--------------------------
0 0 0 0 0 0 0 8 0 
8 0 0 7 0 1 0 4 0 
0 4 0 0 2 0 0 3 0 
3 7 4 0 0 0 9 0 0 
0 0 0 0 3 0 0 0 0 
0 0 5 0 0 0 3 2 1 
0 1 0 0 6 0 0 5 0 
0 5 0 8 0 2 0 0 6 
0 8 0 0 0 0 0 0 0 
count=1---------------------------

spaces=0--------------------------
7 6 1 5 4 3 2 8 9 
8 3 2 7 9 1 6 4 5 
5 4 9 6 2 8 1 3 7 
3 7 4 2 1 5 9 6 8 
1 2 8 9 3 6 5 7 4 
6 9 5 4 8 7 3 2 1 
4 1 7 3 6 9 8 5 2 
9 5 3 8 7 2 4 1 6 
2 8 6 1 5 4 7 9 3 
count=201267---------------------------

#30 of puzzle easy50, cost 36ms
spaces=55--------------------------
0 0 0 0 0 0 0 8 5 
0 0 0 2 1 0 0 0 9 
9 6 0 0 8 0 1 0 0 
5 0 0 8 0 0 0 1 6 
0 0 0 0 0 0 0 0 0 
8 9 0 0 0 6 0 0 7 
0 0 9 0 7 0 0 5 2 
3 0 0 0 5 4 0 0 0 
4 8 0 0 0 0 0 0 0 
count=1---------------------------

spaces=0--------------------------
1 3 2 6 4 9 7 8 5 
7 5 8 2 1 3 6 4 9 
9 6 4 7 8 5 1 2 3 
5 4 3 8 9 7 2 1 6 
2 7 6 5 3 1 8 9 4 
8 9 1 4 2 6 5 3 7 
6 1 9 3 7 8 4 5 2 
3 2 7 1 5 4 9 6 8 
4 8 5 9 6 2 3 7 1 
count=52862---------------------------

#31 of puzzle easy50, cost 9ms
spaces=49--------------------------
6 0 8 0 7 0 5 0 2 
0 5 0 6 0 8 0 7 0 
0 0 2 0 0 0 3 0 0 
5 0 0 0 9 0 0 0 6 
0 4 0 3 0 2 0 5 0 
8 0 0 0 5 0 0 0 3 
0 0 5 0 0 0 2 0 0 
0 1 0 7 0 4 0 9 0 
4 0 9 0 6 0 7 0 1 
count=1---------------------------

spaces=50--------------------------
0 5 0 0 1 0 0 4 0 
1 0 7 0 0 0 6 0 2 
0 0 0 9 0 5 0 0 0 
2 0 8 0 3 0 5 0 1 
0 4 0 0 7 0 0 2 0 
9 0 1 0 8 0 4 0 6 
0 0 0 4 0 1 0 0 0 
3 0 4 0 0 0 7 0 9 
0 2 0 0 6 0 0 1 0 
count=1---------------------------

spaces=51--------------------------
0 5 3 0 0 0 7 9 0 
0 0 9 7 5 3 4 0 0 
1 0 0 0 0 0 0 0 2 
0 9 0 0 8 0 0 1 0 
0 0 0 9 0 7 0 0 0 
0 8 0 0 3 0 0 7 0 
5 0 0 0 0 0 0 0 3 
0 0 7 6 4 1 2 0 0 
0 6 1 0 0 0 9 4 0 
count=1---------------------------

spaces=49--------------------------
0 0 6 0 8 0 3 0 0 
0 4 9 0 7 0 2 5 0 
0 0 0 4 0 5 0 0 0 
6 0 0 3 1 7 0 0 4 
0 0 7 0 0 0 8 0 0 
1 0 0 8 2 6 0 0 9 
0 0 0 7 0 2 0 0 0 
0 7 5 0 4 0 1 9 0 
0 0 3 0 9 0 6 0 0 
count=1---------------------------

spaces=49--------------------------
0 0 5 0 8 0 7 0 0 
7 0 0 2 0 4 0 0 5 
3 2 0 0 0 0 0 8 4 
0 6 0 1 0 5 0 4 0 
0 0 8 0 0 0 5 0 0 
0 7 0 8 0 3 0 1 0 
4 5 0 0 0 0 0 9 1 
6 0 0 5 0 8 0 0 7 
0 0 3 0 1 0 6 0 0 
count=1---------------------------

spaces=51--------------------------
0 0 0 9 0 0 8 0 0 
1 2 8 0 0 6 4 0 0 
0 7 0 8 0 0 0 6 0 
8 0 0 4 3 0 0 0 7 
5 0 0 0 0 0 0 0 9 
6 0 0 0 7 9 0 0 8 
0 9 0 0 0 4 0 1 0 
0 0 3 6 0 0 2 8 4 
0 0 1 0 0 7 0 0 0 
count=1---------------------------

spaces=51--------------------------
0 0 0 0 8 0 0 0 0 
2 7 0 0 0 0 0 5 4 
0 9 5 0 0 0 8 1 0 
0 0 9 8 0 6 4 0 0 
0 2 0 4 0 3 0 6 0 
0 0 6 9 0 5 1 0 0 
0 1 7 0 0 0 6 2 0 
4 6 0 0 0 0 0 3 8 
0 0 0 0 9 0 0 0 0 
count=1---------------------------

spaces=49--------------------------
0 0 0 6 0 2 0 0 0 
4 0 0 0 5 0 0 0 1 
0 8 5 0 1 0 6 2 0 
0 3 8 2 0 6 7 1 0 
0 0 0 0 0 0 0 0 0 
0 1 9 4 0 7 3 5 0 
0 2 6 0 4 0 5 3 0 
9 0 0 0 2 0 0 0 7 
0 0 0 8 0 9 0 0 0 
count=1---------------------------

spaces=55--------------------------
0 0 0 9 0 0 0 0 2 
0 5 0 1 2 3 4 0 0 
0 3 0 0 0 0 1 6 0 
9 0 8 0 0 0 0 0 0 
0 7 0 0 0 0 0 9 0 
0 0 0 0 0 0 2 0 5 
0 9 1 0 0 0 0 5 0 
0 0 7 4 3 9 0 2 0 
4 0 0 0 0 7 0 0 0 
count=1---------------------------

spaces=0--------------------------
8 1 4 9 7 6 5 3 2 
6 5 9 1 2 3 4 7 8 
7 3 2 8 5 4 1 6 9 
9 4 8 2 6 5 3 1 7 
2 7 5 3 4 1 8 9 6 
1 6 3 7 9 8 2 4 5 
3 9 1 6 8 2 7 5 4 
5 8 7 4 3 9 6 2 1 
4 2 6 5 1 7 9 8 3 
count=289665---------------------------

#40 of puzzle easy50, cost 53ms
spaces=55--------------------------
3 8 0 0 0 0 0 0 0 
0 0 0 4 0 0 7 8 5 
0 0 9 0 2 0 3 0 0 
0 6 0 0 9 0 0 0 0 
8 0 0 3 0 2 0 0 9 
0 0 0 0 4 0 0 7 0 
0 0 1 0 7 0 5 0 0 
4 9 5 0 0 6 0 0 0 
0 0 0 0 0 0 0 9 2 
count=1---------------------------

spaces=0--------------------------
3 8 4 5 6 7 9 2 1 
1 2 6 4 3 9 7 8 5 
7 5 9 8 2 1 3 4 6 
5 6 3 7 9 8 2 1 4 
8 4 7 3 1 2 6 5 9 
9 1 2 6 4 5 8 7 3 
2 3 1 9 7 4 5 6 8 
4 9 5 2 8 6 1 3 7 
6 7 8 1 5 3 4 9 2 
count=22100---------------------------

#41 of puzzle easy50, cost 4ms
spaces=55--------------------------
0 0 0 1 5 8 0 0 0 
0 0 2 0 6 0 8 0 0 
0 3 0 0 0 0 0 4 0 
0 2 7 0 3 0 5 1 0 
0 0 0 0 0 0 0 0 0 
0 4 6 0 8 0 7 9 0 
0 5 0 0 0 0 0 8 0 
0 0 4 0 7 0 1 0 0 
0 0 0 3 2 5 0 0 0 
count=1---------------------------

spaces=57--------------------------
0 1 0 5 0 0 2 0 0 
9 0 0 0 0 1 0 0 0 
0 0 2 0 0 8 0 3 0 
5 0 0 0 3 0 0 0 7 
0 0 8 0 0 0 5 0 0 
6 0 0 0 8 0 0 0 4 
0 4 0 1 0 0 7 0 0 
0 0 0 7 0 0 0 0 6 
0 0 3 0 0 4 0 5 0 
count=1---------------------------

spaces=0--------------------------
3 1 6 5 4 9 2 7 8 
9 8 7 3 2 1 6 4 5 
4 5 2 6 7 8 9 3 1 
5 9 4 2 3 6 8 1 7 
2 3 8 4 1 7 5 6 9 
6 7 1 9 8 5 3 2 4 
8 4 5 1 6 2 7 9 3 
1 2 9 7 5 3 4 8 6 
7 6 3 8 9 4 1 5 2 
count=10920---------------------------

#43 of puzzle easy50, cost 2ms
spaces=55--------------------------
0 8 0 0 0 0 0 4 0 
0 0 0 4 6 9 0 0 0 
4 0 0 0 0 0 0 0 7 
0 0 5 9 0 4 6 0 0 
0 7 0 6 0 8 0 3 0 
0 0 8 5 0 2 1 0 0 
9 0 0 0 0 0 0 0 5 
0 0 0 7 8 1 0 0 0 
0 6 0 0 0 0 0 1 0 
count=1---------------------------

spaces=0--------------------------
5 8 6 1 2 7 9 4 3 
7 2 3 4 6 9 8 5 1 
4 9 1 8 5 3 2 6 7 
1 3 5 9 7 4 6 2 8 
2 7 9 6 1 8 5 3 4 
6 4 8 5 3 2 1 7 9 
9 1 7 2 4 6 3 8 5 
3 5 2 7 8 1 4 9 6 
8 6 4 3 9 5 7 1 2 
count=53499---------------------------

#44 of puzzle easy50, cost 9ms
spaces=57--------------------------
9 0 4 2 0 0 0 0 7 
0 1 0 0 0 0 0 0 0 
0 0 0 7 0 6 5 0 0 
0 0 0 8 0 0 0 9 0 
0 2 0 9 0 4 0 6 0 
0 4 0 0 0 2 0 0 0 
0 0 1 6 0 7 0 0 0 
0 0 0 0 0 0 0 3 0 
3 0 0 0 0 5 7 0 2 
count=1---------------------------

spaces=58--------------------------
0 0 0 7 0 0 8 0 0 
0 0 6 0 0 0 0 3 1 
0 4 0 0 0 2 0 0 0 
0 2 4 0 7 0 0 0 0 
0 1 0 0 3 0 0 8 0 
0 0 0 0 6 0 2 9 0 
0 0 0 8 0 0 0 7 0 
8 6 0 0 0 0 5 0 0 
0 0 2 0 0 6 0 0 0 
count=1---------------------------

spaces=56--------------------------
0 0 1 0 0 7 0 9 0 
5 9 0 0 8 0 0 0 1 
0 3 0 0 0 0 0 8 0 
0 0 0 0 0 5 8 0 0 
0 5 0 0 6 0 0 2 0 
0 0 4 1 0 0 0 0 0 
0 8 0 0 0 0 0 3 0 
1 0 0 0 2 0 0 7 9 
0 2 0 7 0 0 4 0 0 
count=1---------------------------

spaces=0--------------------------
8 6 1 3 5 7 2 9 4 
5 9 7 4 8 2 3 6 1 
4 3 2 6 1 9 7 8 5 
9 1 6 2 7 5 8 4 3 
3 5 8 9 6 4 1 2 7 
2 7 4 1 3 8 9 5 6 
7 8 9 5 4 1 6 3 2 
1 4 3 8 2 6 5 7 9 
6 2 5 7 9 3 4 1 8 
count=290385---------------------------

#47 of puzzle easy50, cost 53ms
spaces=59--------------------------
0 0 0 0 0 3 0 1 7 
0 1 5 0 0 9 0 0 8 
0 6 0 0 0 0 0 0 0 
1 0 0 0 0 7 0 0 0 
0 0 9 0 0 0 2 0 0 
0 0 0 5 0 0 0 0 4 
0 0 0 0 0 0 0 2 0 
5 0 0 6 0 0 3 4 0 
3 4 0 2 0 0 0 0 0 
count=1---------------------------

spaces=56--------------------------
3 0 0 2 0 0 0 0 0 
0 0 0 1 0 7 0 0 0 
7 0 6 0 3 0 5 0 0 
0 7 0 0 0 9 0 8 0 
9 0 0 0 2 0 0 0 4 
0 1 0 8 0 0 0 5 0 
0 0 9 0 4 0 3 0 1 
0 0 0 7 0 2 0 0 0 
0 0 0 0 0 8 0 0 6 
count=1---------------------------

spaces=0--------------------------
3 5 1 2 8 6 4 9 7 
4 9 2 1 5 7 6 3 8 
7 8 6 9 3 4 5 1 2 
2 7 5 4 6 9 1 8 3 
9 3 8 5 2 1 7 6 4 
6 1 4 8 7 3 2 5 9 
8 2 9 6 4 5 3 7 1 
1 6 3 7 9 2 8 4 5 
5 4 7 3 1 8 9 2 6 
count=167249---------------------------

#49 of puzzle easy50, cost 31ms
solved 50 of 50 easy50 puzzles, total 634ms, avg 12.68ms, max 189ms
spaces=64--------------------------
4 0 0 0 0 0 8 0 5 
0 3 0 0 0 0 0 0 0 
0 0 0 7 0 0 0 0 0 
0 2 0 0 0 0 0 6 0 
0 0 0 0 8 0 4 0 0 
0 0 0 0 1 0 0 0 0 
0 0 0 6 0 3 0 7 0 
5 0 0 2 0 0 0 0 0 
1 0 4 0 0 0 0 0 0 
count=1---------------------------

spaces=64--------------------------
4 0 0 0 0 0 8 0 5 
0 3 0 0 0 0 0 0 0 
0 0 0 7 0 0 0 0 0 
0 2 0 0 0 0 0 6 0 
0 0 0 0 8 0 4 0 0 
0 0 0 0 1 0 0 0 0 
0 0 0 6 0 3 0 7 0 
5 0 0 2 0 0 0 0 0 
1 0 4 0 0 0 0 0 0 
count=488246573---------------------------

#0 of puzzle top95, cost 91659ms
spaces=64--------------------------
5 2 0 0 0 6 0 0 0 
0 0 0 0 0 0 7 0 1 
3 0 0 0 0 0 0 0 0 
0 0 0 4 0 0 8 0 0 
6 0 0 0 0 0 0 5 0 
0 0 0 0 0 0 0 0 0 
0 4 1 8 0 0 0 0 0 
0 0 0 0 3 0 0 2 0 
0 0 8 7 0 0 0 0 0 
count=1---------------------------

spaces=0--------------------------
5 2 7 3 1 6 4 8 9 
8 9 6 5 4 2 7 3 1 
3 1 4 9 8 7 5 6 2 
1 7 2 4 5 3 8 9 6 
6 8 9 2 7 1 3 5 4 
4 5 3 6 9 8 2 1 7 
9 4 1 8 2 5 6 7 3 
7 6 5 1 3 4 9 2 8 
2 3 8 7 6 9 1 4 5 
count=71930801---------------------------

#1 of puzzle top95, cost 13506ms
spaces=64--------------------------
6 0 0 0 0 0 8 0 3 
0 4 0 7 0 0 0 0 0 
0 0 0 0 0 0 0 0 0 
0 0 0 5 0 4 0 7 0 
3 0 0 2 0 0 0 0 0 
1 0 6 0 0 0 0 0 0 
0 2 0 0 0 0 0 5 0 
0 0 0 0 8 0 6 0 0 
0 0 0 0 1 0 0 0 0 
count=1---------------------------

spaces=64--------------------------
6 0 0 0 0 0 8 0 3 
0 4 0 7 0 0 0 0 0 
0 0 0 0 0 0 0 0 0 
0 0 0 5 0 4 0 7 0 
3 0 0 2 0 0 0 0 0 
1 0 6 0 0 0 0 0 0 
0 2 0 0 0 0 0 5 0 
0 0 0 0 8 0 6 0 0 
0 0 0 0 1 0 0 0 0 
count=18121881---------------------------

#2 of puzzle top95, cost 3304ms
spaces=64--------------------------
4 8 0 3 0 0 0 0 0 
0 0 0 0 0 0 0 7 1 
0 2 0 0 0 0 0 0 0 
7 0 5 0 0 0 0 6 0 
0 0 0 2 0 0 8 0 0 
0 0 0 0 0 0 0 0 0 
0 0 1 0 7 6 0 0 0 
3 0 0 0 0 0 4 0 0 
0 0 0 0 5 0 0 0 0 
count=1---------------------------

spaces=0--------------------------
4 8 7 3 1 2 6 9 5 
5 9 3 6 8 4 2 7 1 
1 2 6 5 9 7 3 8 4 
7 3 5 8 4 9 1 6 2 
9 1 4 2 6 5 8 3 7 
2 6 8 7 3 1 5 4 9 
8 5 1 4 7 6 9 2 3 
3 7 9 1 2 8 4 5 6 
6 4 2 9 5 3 7 1 8 
count=6748383---------------------------

#3 of puzzle top95, cost 1287ms
spaces=64--------------------------
0 0 0 0 1 4 0 0 0 
0 3 0 0 0 0 2 0 0 
0 7 0 0 0 0 0 0 0 
0 0 0 9 0 0 0 3 0 
6 0 1 0 0 0 0 0 0 
0 0 0 0 0 0 0 8 0 
2 0 0 0 0 0 1 0 4 
0 0 0 0 5 0 6 0 0 
0 0 0 7 0 8 0 0 0 
count=1---------------------------

spaces=0--------------------------
9 6 2 3 1 4 8 5 7 
1 3 4 5 8 7 2 6 9 
5 7 8 2 9 6 4 1 3 
8 4 7 9 6 2 5 3 1 
6 5 1 8 7 3 9 4 2 
3 2 9 1 4 5 7 8 6 
2 8 5 6 3 9 1 7 4 
7 9 3 4 5 1 6 2 8 
4 1 6 7 2 8 3 9 5 
count=705528345---------------------------

#4 of puzzle top95, cost 131285ms
spaces=64--------------------------
0 0 0 0 0 0 5 2 0 
0 8 0 4 0 0 0 0 0 
0 3 0 0 0 9 0 0 0 
5 0 1 0 0 0 6 0 0 
2 0 0 7 0 0 0 0 0 
0 0 0 3 0 0 0 0 0 
6 0 0 0 1 0 0 0 0 
0 0 0 0 0 0 7 0 4 
0 0 0 0 0 0 0 3 0 
count=1---------------------------

spaces=0--------------------------
4 1 6 8 3 7 5 2 9 
9 8 2 4 6 5 3 7 1 
7 3 5 1 2 9 4 6 8 
5 7 1 2 9 8 6 4 3 
2 9 3 7 4 6 1 8 5 
8 6 4 3 5 1 2 9 7 
6 4 7 9 1 3 8 5 2 
3 5 9 6 8 2 7 1 4 
1 2 8 5 7 4 9 3 6 
count=582748---------------------------

#5 of puzzle top95, cost 106ms
spaces=64--------------------------
6 0 2 0 5 0 0 0 0 
0 0 0 0 0 3 0 4 0 
0 0 0 0 0 0 0 0 0 
4 3 0 0 0 8 0 0 0 
0 1 0 0 0 0 2 0 0 
0 0 0 0 0 0 7 0 0 
5 0 0 2 7 0 0 0 0 
0 0 0 0 0 0 0 8 1 
0 0 0 6 0 0 0 0 0 
count=1---------------------------

spaces=0--------------------------
6 8 2 1 5 4 3 7 9 
9 5 1 7 6 3 8 4 2 
3 7 4 8 9 2 1 6 5 
4 3 7 5 2 8 9 1 6 
8 1 6 9 3 7 2 5 4 
2 9 5 4 1 6 7 3 8 
5 6 8 2 7 1 4 9 3 
7 2 9 3 4 5 6 8 1 
1 4 3 6 8 9 5 2 7 
count=68487916---------------------------

#6 of puzzle top95, cost 12516ms
spaces=64--------------------------
0 5 2 4 0 0 0 0 0 
0 0 0 0 7 0 1 0 0 
0 0 0 0 0 0 0 0 0 
0 0 0 8 0 2 0 0 0 
3 0 0 0 0 0 6 0 0 
0 9 0 5 0 0 0 0 0 
1 0 6 0 3 0 0 0 0 
0 0 0 0 0 0 0 8 9 
7 0 0 0 0 0 0 0 0 
count=1---------------------------

spaces=0--------------------------
6 5 2 4 8 1 9 3 7 
8 3 4 6 7 9 1 5 2 
9 7 1 3 2 5 8 6 4 
4 6 7 8 1 2 5 9 3 
3 1 5 7 9 4 6 2 8 
2 9 8 5 6 3 4 7 1 
1 8 6 9 3 7 2 4 5 
5 2 3 1 4 6 7 8 9 
7 4 9 2 5 8 3 1 6 
count=11376823---------------------------

#7 of puzzle top95, cost 2106ms
spaces=64--------------------------
6 0 2 0 5 0 0 0 0 
0 0 0 0 0 4 0 3 0 
0 0 0 0 0 0 0 0 0 
4 3 0 0 0 8 0 0 0 
0 1 0 0 0 0 2 0 0 
0 0 0 0 0 0 7 0 0 
5 0 0 2 7 0 0 0 0 
0 0 0 0 0 0 0 8 1 
0 0 0 6 0 0 0 0 0 
count=1---------------------------

spaces=0--------------------------
6 8 2 1 5 3 4 7 9 
9 5 1 7 6 4 8 3 2 
3 7 4 8 9 2 1 6 5 
4 3 7 5 2 8 9 1 6 
8 1 6 9 4 7 2 5 3 
2 9 5 3 1 6 7 4 8 
5 6 8 2 7 1 3 9 4 
7 2 9 4 3 5 6 8 1 
1 4 3 6 8 9 5 2 7 
count=47131518---------------------------

#8 of puzzle top95, cost 8592ms
spaces=64--------------------------
0 9 2 3 0 0 0 0 0 
0 0 0 0 8 0 1 0 0 
0 0 0 0 0 0 0 0 0 
1 0 7 0 4 0 0 0 0 
0 0 0 0 0 0 0 6 5 
8 0 0 0 0 0 0 0 0 
0 6 0 5 0 2 0 0 0 
4 0 0 0 0 0 7 0 0 
0 0 0 9 0 0 0 0 0 
count=1---------------------------

spaces=0--------------------------
7 9 2 3 5 1 6 4 8 
5 4 3 7 8 6 1 2 9 
6 8 1 4 2 9 5 3 7 
1 5 7 6 4 8 2 9 3 
9 2 4 1 3 7 8 6 5 
8 3 6 2 9 5 4 7 1 
3 6 8 5 7 2 9 1 4 
4 1 9 8 6 3 7 5 2 
2 7 5 9 1 4 3 8 6 
count=50706259---------------------------

#9 of puzzle top95, cost 9259ms
spaces=64--------------------------
6 0 0 3 0 2 0 0 0 
0 5 0 0 0 0 0 1 0 
0 0 0 0 0 0 0 0 0 
7 0 2 6 0 0 0 0 0 
0 0 0 0 0 0 0 5 4 
3 0 0 0 0 0 0 0 0 
0 8 0 1 5 0 0 0 0 
0 0 0 0 4 0 2 0 0 
0 0 0 0 0 0 7 0 0 
count=1---------------------------

spaces=0--------------------------
6 1 4 3 8 2 5 7 9 
9 5 3 7 6 4 8 1 2 
8 2 7 5 9 1 4 3 6 
7 4 2 6 3 5 1 9 8 
1 6 8 2 7 9 3 5 4 
3 9 5 4 1 8 6 2 7 
2 8 6 1 5 7 9 4 3 
5 7 9 8 4 3 2 6 1 
4 3 1 9 2 6 7 8 5 
count=1865097---------------------------

#10 of puzzle top95, cost 337ms
spaces=56--------------------------
0 6 0 5 0 1 0 9 0 
1 0 0 0 9 0 0 5 3 
9 0 0 0 0 7 0 0 0 
0 4 0 8 0 0 0 7 0 
0 0 0 0 0 0 5 0 8 
0 8 1 7 0 5 0 3 0 
0 0 0 0 5 0 2 0 0 
0 0 0 0 0 0 0 0 0 
0 7 6 0 0 8 0 0 0 
count=1---------------------------

spaces=0--------------------------
8 6 3 5 2 1 7 9 4 
1 2 7 4 9 6 8 5 3 
9 5 4 3 8 7 6 2 1 
6 4 5 8 3 9 1 7 2 
7 3 9 1 4 2 5 6 8 
2 8 1 7 6 5 4 3 9 
4 9 8 6 5 3 2 1 7 
5 1 2 9 7 4 3 8 6 
3 7 6 2 1 8 9 4 5 
count=410820---------------------------

#11 of puzzle top95, cost 75ms
spaces=60--------------------------
0 0 5 0 0 0 9 8 7 
0 4 0 0 5 0 0 0 1 
0 0 7 0 0 0 0 0 0 
2 0 0 0 4 8 0 0 0 
0 9 0 1 0 0 0 0 0 
6 0 0 2 0 0 0 0 0 
3 0 0 6 0 0 2 0 0 
0 0 0 0 0 9 0 7 0 
0 0 0 0 0 0 5 0 0 
count=1---------------------------

spaces=0--------------------------
1 3 5 4 2 6 9 8 7 
8 4 6 9 5 7 3 2 1 
9 2 7 3 8 1 4 6 5 
2 1 3 7 4 8 6 5 9 
5 9 8 1 6 3 7 4 2 
6 7 4 2 9 5 8 1 3 
3 5 1 6 7 4 2 9 8 
4 8 2 5 3 9 1 7 6 
7 6 9 8 1 2 5 3 4 
count=112005---------------------------

#12 of puzzle top95, cost 20ms
spaces=64--------------------------
3 0 6 0 7 0 0 0 0 
0 0 0 0 0 0 0 5 1 
8 0 0 0 0 0 0 0 0 
0 1 0 4 0 5 0 0 0 
7 0 0 0 0 0 6 0 0 
0 0 0 2 0 0 0 0 0 
0 2 0 0 0 0 0 4 0 
0 0 0 0 8 0 3 0 0 
0 0 0 5 0 0 0 0 0 
count=1---------------------------

spaces=0--------------------------
3 5 6 8 7 1 2 9 4 
9 7 2 6 4 3 8 5 1 
8 4 1 9 5 2 7 3 6 
2 1 3 4 6 5 9 8 7 
7 9 4 3 1 8 6 2 5 
6 8 5 2 9 7 4 1 3 
1 2 8 7 3 6 5 4 9 
5 6 9 1 8 4 3 7 2 
4 3 7 5 2 9 1 6 8 
count=1349361---------------------------

#13 of puzzle top95, cost 259ms
spaces=64--------------------------
1 0 0 0 0 0 3 0 8 
0 7 0 4 0 0 0 0 0 
0 0 0 0 0 0 0 0 0 
2 0 3 0 1 0 0 0 0 
0 0 0 0 0 0 0 9 5 
8 0 0 0 0 0 0 0 0 
0 5 0 6 0 0 0 7 0 
0 0 0 0 8 0 2 0 0 
0 4 0 0 0 0 0 0 0 
count=1---------------------------

spaces=0--------------------------
1 2 9 5 7 6 3 4 8 
3 7 6 4 2 8 5 1 9 
5 8 4 3 9 1 6 2 7 
2 9 3 8 1 5 7 6 4 
4 1 7 2 6 3 8 9 5 
8 6 5 7 4 9 1 3 2 
9 5 8 6 3 2 4 7 1 
7 3 1 9 8 4 2 5 6 
6 4 2 1 5 7 9 8 3 
count=62486206---------------------------

#14 of puzzle top95, cost 11329ms
spaces=64--------------------------
6 0 0 3 0 2 0 0 0 
0 4 0 0 0 0 0 1 0 
0 0 0 0 0 0 0 0 0 
7 0 2 6 0 0 0 0 0 
0 0 0 0 0 0 0 5 4 
3 0 0 0 0 0 0 0 0 
0 8 0 1 5 0 0 0 0 
0 0 0 0 4 0 2 0 0 
0 0 0 0 0 0 7 0 0 
count=1---------------------------

spaces=0--------------------------
6 1 5 3 8 2 4 7 9 
9 4 3 7 6 5 8 1 2 
8 2 7 4 9 1 5 3 6 
7 5 2 6 3 4 1 9 8 
1 6 8 2 7 9 3 5 4 
3 9 4 5 1 8 6 2 7 
2 8 6 1 5 7 9 4 3 
5 7 9 8 4 3 2 6 1 
4 3 1 9 2 6 7 8 5 
count=2001103---------------------------

#15 of puzzle top95, cost 360ms
spaces=59--------------------------
0 0 0 0 3 0 0 9 0 
0 0 0 2 0 0 0 0 1 
0 5 0 9 0 0 0 0 0 
0 0 0 0 0 0 0 0 0 
1 0 2 0 8 0 4 0 6 
0 8 0 5 0 0 0 2 0 
0 7 5 0 0 0 0 0 0 
4 0 1 0 0 6 0 0 3 
0 0 0 0 0 4 0 6 0 
count=1---------------------------

spaces=0--------------------------
7 1 8 4 3 5 6 9 2 
9 6 3 2 7 8 5 4 1 
2 5 4 9 6 1 3 7 8 
5 4 7 6 1 2 8 3 9 
1 9 2 3 8 7 4 5 6 
3 8 6 5 4 9 1 2 7 
6 7 5 8 9 3 2 1 4 
4 2 1 7 5 6 9 8 3 
8 3 9 1 2 4 7 6 5 
count=27142586---------------------------

#16 of puzzle top95, cost 4839ms
spaces=64--------------------------
4 5 0 0 0 0 0 3 0 
0 0 0 8 0 1 0 0 0 
0 9 0 0 0 0 0 0 0 
0 0 0 0 5 0 0 9 0 
2 0 0 7 0 0 0 0 0 
8 0 0 0 0 0 0 0 0 
0 1 0 0 4 0 0 0 0 
0 0 0 0 0 0 7 0 2 
0 0 0 6 0 0 8 0 0 
count=1---------------------------

spaces=0--------------------------
4 5 8 2 7 6 9 3 1 
6 2 3 8 9 1 4 7 5 
1 9 7 5 3 4 2 8 6 
3 7 1 4 5 2 6 9 8 
2 6 9 7 8 3 1 5 4 
8 4 5 1 6 9 3 2 7 
7 1 2 9 4 8 5 6 3 
9 8 6 3 1 5 7 4 2 
5 3 4 6 2 7 8 1 9 
count=6823804---------------------------

#17 of puzzle top95, cost 1265ms
spaces=58--------------------------
0 2 3 7 0 0 0 0 6 
8 0 0 0 6 0 5 9 0 
9 0 0 0 0 0 7 0 0 
0 0 0 0 4 0 9 7 0 
3 0 7 0 9 6 0 0 2 
0 0 0 0 0 0 0 0 0 
5 0 0 4 7 0 0 0 0 
0 0 0 0 0 2 0 0 0 
0 8 0 0 0 0 0 0 0 
count=1---------------------------

spaces=56--------------------------
0 0 8 4 0 0 0 3 0 
0 0 0 3 0 0 0 0 0 
9 0 0 0 0 1 5 7 4 
7 9 0 0 0 8 0 0 0 
0 0 0 0 0 7 0 0 5 
1 4 0 0 0 0 0 2 0 
0 0 9 0 6 0 0 0 2 
0 5 0 0 0 0 4 0 0 
0 0 0 0 9 0 0 5 6 
count=1---------------------------

spaces=0--------------------------
5 1 8 4 7 6 2 3 9 
4 2 7 3 5 9 6 1 8 
9 6 3 8 2 1 5 7 4 
7 9 5 2 4 8 3 6 1 
8 3 2 6 1 7 9 4 5 
1 4 6 9 3 5 8 2 7 
3 7 9 5 6 4 1 8 2 
6 5 1 7 8 2 4 9 3 
2 8 4 1 9 3 7 5 6 
count=58105---------------------------

#19 of puzzle top95, cost 10ms
spaces=64--------------------------
0 9 8 0 1 0 0 0 0 
2 0 0 0 0 0 0 6 0 
0 0 0 0 0 0 0 0 0 
0 0 0 3 0 2 0 5 0 
0 8 4 0 0 0 0 0 0 
0 0 0 6 0 0 0 0 0 
0 0 0 0 4 0 8 0 9 
3 0 0 5 0 0 0 0 0 
0 0 0 0 0 0 1 0 0 
count=1---------------------------

spaces=0--------------------------
4 9 8 7 1 6 5 2 3 
2 5 7 8 3 9 4 6 1 
1 3 6 4 2 5 9 8 7 
9 7 1 3 8 2 6 5 4 
6 8 4 1 5 7 3 9 2 
5 2 3 6 9 4 7 1 8 
7 6 5 2 4 1 8 3 9 
3 1 9 5 7 8 2 4 6 
8 4 2 9 6 3 1 7 5 
count=9512475---------------------------

#20 of puzzle top95, cost 1754ms
spaces=57--------------------------
0 0 2 4 7 0 0 5 8 
0 0 0 0 0 0 0 0 0 
0 0 0 0 0 1 0 4 0 
0 0 0 0 2 0 0 0 9 
5 2 8 0 9 0 4 0 0 
0 0 9 0 0 0 1 0 0 
0 0 0 0 0 0 0 3 0 
3 0 0 0 0 7 5 0 0 
6 8 5 0 0 2 0 0 0 
count=1---------------------------

spaces=0--------------------------
1 3 2 4 7 9 6 5 8 
8 4 7 5 6 3 2 9 1 
9 5 6 2 8 1 3 4 7 
4 1 3 7 2 5 8 6 9 
5 2 8 1 9 6 4 7 3 
7 6 9 3 4 8 1 2 5 
2 7 1 8 5 4 9 3 6 
3 9 4 6 1 7 5 8 2 
6 8 5 9 3 2 7 1 4 
count=338362---------------------------

#21 of puzzle top95, cost 60ms
spaces=64--------------------------
4 0 0 0 0 0 8 0 5 
0 3 0 0 0 0 0 0 0 
0 0 0 7 0 0 0 0 0 
0 2 0 0 0 0 0 6 0 
0 0 0 0 5 0 4 0 0 
0 0 0 0 1 0 0 0 0 
0 0 0 6 0 3 0 7 0 
5 0 0 2 0 0 0 0 0 
1 0 9 0 0 0 0 0 0 
count=1---------------------------

spaces=64--------------------------
4 0 0 0 0 0 8 0 5 
0 3 0 0 0 0 0 0 0 
0 0 0 7 0 0 0 0 0 
0 2 0 0 0 0 0 6 0 
0 0 0 0 5 0 4 0 0 
0 0 0 0 1 0 0 0 0 
0 0 0 6 0 3 0 7 0 
5 0 0 2 0 0 0 0 0 
1 0 9 0 0 0 0 0 0 
count=223529483---------------------------

#22 of puzzle top95, cost 42166ms
spaces=58--------------------------
0 2 0 3 0 0 0 0 0 
0 6 3 0 0 0 0 0 5 
8 0 0 0 0 0 0 0 1 
5 0 0 0 0 9 0 3 0 
0 0 0 7 0 0 0 0 0 
0 0 0 1 0 0 0 0 8 
0 8 7 9 0 0 2 6 0 
0 0 0 0 0 6 0 7 0 
0 0 6 0 0 7 0 0 4 
count=1---------------------------

spaces=0--------------------------
9 2 5 3 7 1 4 8 6 
1 6 3 4 9 8 7 2 5 
8 7 4 5 6 2 3 9 1 
5 4 2 6 8 9 1 3 7 
6 1 8 7 5 3 9 4 2 
7 3 9 1 2 4 6 5 8 
4 8 7 9 1 5 2 6 3 
3 5 1 2 4 6 8 7 9 
2 9 6 8 3 7 5 1 4 
count=7003350---------------------------

#23 of puzzle top95, cost 1305ms
spaces=58--------------------------
1 0 0 0 0 0 7 0 9 
0 4 0 0 0 7 2 0 0 
8 0 0 0 0 0 0 0 0 
0 7 0 0 1 0 0 6 0 
3 0 0 0 0 0 0 0 5 
0 6 0 0 4 0 0 2 0 
0 0 0 0 0 0 0 0 8 
0 0 5 3 0 0 0 7 0 
7 0 2 0 0 0 0 4 6 
count=1---------------------------

spaces=0--------------------------
1 2 3 4 5 6 7 8 9 
6 4 9 8 3 7 2 5 1 
8 5 7 2 9 1 6 3 4 
2 7 4 5 1 8 9 6 3 
3 9 8 6 7 2 4 1 5 
5 6 1 9 4 3 8 2 7 
4 1 6 7 2 5 3 9 8 
9 8 5 3 6 4 1 7 2 
7 3 2 1 8 9 5 4 6 
count=13143---------------------------

#24 of puzzle top95, cost 2ms
spaces=64--------------------------
4 0 0 0 0 0 3 0 0 
0 0 0 8 0 2 0 0 0 
0 0 0 7 0 0 0 0 0 
0 0 0 1 0 0 0 8 7 
3 4 0 0 0 0 0 0 0 
6 0 0 0 0 0 0 0 0 
5 0 0 0 6 0 0 0 0 
0 0 0 0 1 0 4 0 0 
0 8 2 0 0 0 0 0 0 
count=1---------------------------

spaces=0--------------------------
4 7 5 6 9 1 3 2 8 
9 6 1 8 3 2 7 4 5 
8 2 3 7 5 4 1 9 6 
2 5 9 1 4 3 6 8 7 
3 4 7 5 8 6 2 1 9 
6 1 8 9 2 7 5 3 4 
5 3 4 2 6 9 8 7 1 
7 9 6 3 1 8 4 5 2 
1 8 2 4 7 5 9 6 3 
count=5037603---------------------------

#25 of puzzle top95, cost 913ms
spaces=64--------------------------
0 0 0 0 0 0 0 7 1 
0 2 0 8 0 0 0 0 0 
0 0 0 4 0 3 0 0 0 
7 0 0 0 6 0 0 5 0 
0 0 0 2 0 0 3 0 0 
9 0 0 0 0 0 0 0 0 
6 0 0 0 7 0 0 0 0 
0 8 0 0 0 0 4 0 0 
0 0 0 0 5 0 0 0 0 
count=1---------------------------

spaces=0--------------------------
3 4 9 5 2 6 8 7 1 
5 2 1 8 9 7 6 4 3 
8 7 6 4 1 3 5 2 9 
7 1 8 3 6 9 2 5 4 
4 6 5 2 8 1 3 9 7 
9 3 2 7 4 5 1 8 6 
6 5 4 1 7 8 9 3 2 
1 8 7 9 3 2 4 6 5 
2 9 3 6 5 4 7 1 8 
count=218987---------------------------

#26 of puzzle top95, cost 41ms
spaces=64--------------------------
6 0 0 3 0 2 0 0 0 
0 4 0 0 0 0 0 8 0 
0 0 0 0 0 0 0 0 0 
7 0 2 6 0 0 0 0 0 
0 0 0 0 0 0 0 5 4 
3 0 0 0 0 0 0 0 0 
0 8 0 1 5 0 0 0 0 
0 0 0 0 8 0 2 0 0 
0 0 0 0 0 0 7 0 0 
count=1---------------------------

spaces=0--------------------------
6 1 8 3 4 2 5 7 9 
9 4 3 7 6 5 1 8 2 
5 2 7 8 9 1 4 3 6 
7 5 2 6 3 4 8 9 1 
8 6 1 2 7 9 3 5 4 
3 9 4 5 1 8 6 2 7 
2 8 6 1 5 7 9 4 3 
1 7 9 4 8 3 2 6 5 
4 3 5 9 2 6 7 1 8 
count=752255---------------------------

#27 of puzzle top95, cost 135ms
spaces=59--------------------------
0 4 7 0 8 0 0 0 1 
0 0 0 0 0 0 0 0 0 
0 0 0 6 0 0 7 0 0 
6 0 0 0 0 3 5 7 0 
0 0 0 0 0 5 0 0 0 
0 1 0 0 6 0 0 0 0 
2 8 0 0 4 0 0 0 0 
0 9 0 1 0 0 0 4 0 
0 0 0 0 2 0 6 9 0 
count=1---------------------------

spaces=0--------------------------
9 4 7 5 8 2 3 6 1 
8 6 3 4 7 1 9 5 2 
1 5 2 6 3 9 7 8 4 
6 2 4 8 1 3 5 7 9 
7 3 8 2 9 5 4 1 6 
5 1 9 7 6 4 8 2 3 
2 8 5 9 4 6 1 3 7 
3 9 6 1 5 7 2 4 8 
4 7 1 3 2 8 6 9 5 
count=758209---------------------------

#28 of puzzle top95, cost 139ms
spaces=64--------------------------
0 0 0 0 0 0 8 0 1 
7 0 0 2 0 0 0 0 0 
0 0 0 5 0 6 0 0 0 
0 0 0 7 0 0 0 5 0 
0 1 0 0 0 0 3 0 0 
0 8 0 0 0 0 0 0 0 
5 0 0 0 0 0 0 2 0 
0 4 0 0 8 0 0 0 0 
6 0 0 0 3 0 0 0 0 
count=1---------------------------

spaces=0--------------------------
2 5 4 3 7 9 8 6 1 
7 6 1 2 4 8 5 9 3 
8 9 3 5 1 6 7 4 2 
3 2 6 7 9 1 4 5 8 
9 1 5 8 2 4 3 7 6 
4 8 7 6 5 3 2 1 9 
5 3 8 1 6 7 9 2 4 
1 4 2 9 8 5 6 3 7 
6 7 9 4 3 2 1 8 5 
count=91957---------------------------

#29 of puzzle top95, cost 17ms
spaces=60--------------------------
3 8 0 6 0 0 0 0 0 
0 0 9 0 0 0 0 0 0 
0 2 0 0 3 0 5 1 0 
0 0 0 0 0 5 0 0 0 
0 3 0 0 1 0 0 6 0 
0 0 0 4 0 0 0 0 0 
0 1 7 0 5 0 0 8 0 
0 0 0 0 0 0 9 0 0 
0 0 0 0 0 7 0 3 2 
count=1---------------------------

spaces=0--------------------------
3 8 5 6 2 1 4 9 7 
1 7 9 5 8 4 3 2 6 
4 2 6 7 3 9 5 1 8 
7 6 2 3 9 5 8 4 1 
5 3 4 8 1 2 7 6 9 
8 9 1 4 7 6 2 5 3 
9 1 7 2 5 3 6 8 4 
2 4 3 1 6 8 9 7 5 
6 5 8 9 4 7 1 3 2 
count=166605---------------------------

#30 of puzzle top95, cost 31ms
spaces=57--------------------------
0 0 0 5 0 0 0 0 0 
0 0 0 0 0 0 5 0 6 
9 7 0 0 0 0 0 2 0 
0 0 4 8 0 2 0 0 0 
2 5 0 1 0 0 0 3 0 
0 8 0 0 3 0 0 0 0 
0 0 0 0 0 4 0 7 0 
0 1 3 0 5 0 0 9 0 
0 2 0 0 0 3 1 0 0 
count=1---------------------------

spaces=0--------------------------
8 3 6 5 2 1 9 4 7 
1 4 2 3 7 9 5 8 6 
9 7 5 6 4 8 3 2 1 
3 6 4 8 9 2 7 1 5 
2 5 9 1 6 7 4 3 8 
7 8 1 4 3 5 2 6 9 
5 9 8 2 1 4 6 7 3 
4 1 3 7 5 6 8 9 2 
6 2 7 9 8 3 1 5 4 
count=47808---------------------------

#31 of puzzle top95, cost 8ms
spaces=57--------------------------
0 2 0 0 0 0 0 0 0 
3 0 5 0 6 2 0 0 9 
0 6 8 0 0 0 3 0 0 
0 5 0 0 0 0 0 0 0 
0 0 0 6 4 0 8 0 2 
0 0 4 7 0 0 9 0 0 
0 0 3 0 0 0 0 0 1 
0 0 0 0 0 6 0 0 0 
1 7 0 4 3 0 0 0 0 
count=1---------------------------

spaces=0--------------------------
4 2 7 5 9 3 1 8 6 
3 1 5 8 6 2 4 7 9 
9 6 8 1 7 4 3 2 5 
6 5 9 3 2 8 7 1 4 
7 3 1 6 4 9 8 5 2 
2 8 4 7 5 1 9 6 3 
5 9 3 2 8 7 6 4 1 
8 4 2 9 1 6 5 3 7 
1 7 6 4 3 5 2 9 8 
count=35320---------------------------

#32 of puzzle top95, cost 6ms
spaces=64--------------------------
0 8 0 0 4 0 0 0 0 
3 0 0 0 0 0 0 1 0 
0 0 0 0 0 0 0 2 0 
0 0 5 0 0 0 4 0 6 
9 0 0 1 0 0 8 0 0 
2 0 0 0 0 0 0 0 0 
0 0 0 3 0 9 0 0 0 
0 6 0 0 0 0 5 0 0 
0 0 0 2 0 0 0 0 0 
count=1---------------------------

spaces=0--------------------------
7 8 1 9 4 2 3 6 5 
3 2 4 5 7 6 9 1 8 
6 5 9 8 3 1 7 2 4 
8 1 5 7 2 3 4 9 6 
9 3 6 1 5 4 8 7 2 
2 4 7 6 9 8 1 5 3 
5 7 8 3 6 9 2 4 1 
1 6 2 4 8 7 5 3 9 
4 9 3 2 1 5 6 8 7 
count=5586523---------------------------

#33 of puzzle top95, cost 1038ms
spaces=59--------------------------
0 0 8 0 9 0 1 0 0 
0 6 0 5 0 0 0 2 0 
0 0 0 0 0 6 0 0 0 
0 3 0 1 0 7 0 5 0 
0 0 0 0 0 0 0 0 9 
0 0 4 0 0 0 3 0 0 
0 5 0 0 0 0 2 0 0 
0 7 0 0 0 3 0 8 0 
2 0 0 7 0 0 0 0 4 
count=1---------------------------

spaces=0--------------------------
7 4 8 3 9 2 1 6 5 
3 6 9 5 1 4 7 2 8 
1 2 5 8 7 6 9 4 3 
9 3 2 1 4 7 8 5 6 
6 8 7 2 3 5 4 1 9 
5 1 4 6 8 9 3 7 2 
8 5 3 4 6 1 2 9 7 
4 7 6 9 2 3 5 8 1 
2 9 1 7 5 8 6 3 4 
count=276187---------------------------

#34 of puzzle top95, cost 51ms
spaces=64--------------------------
4 0 0 0 0 0 5 0 8 
0 3 0 0 0 0 0 0 0 
0 0 0 7 0 0 0 0 0 
0 2 0 0 0 0 0 6 0 
0 0 0 0 5 0 8 0 0 
0 0 0 0 1 0 0 0 0 
0 0 0 6 0 3 0 7 0 
5 0 0 2 0 0 0 0 0 
1 0 8 0 0 0 0 0 0 
count=1---------------------------

spaces=64--------------------------
4 0 0 0 0 0 5 0 8 
0 3 0 0 0 0 0 0 0 
0 0 0 7 0 0 0 0 0 
0 2 0 0 0 0 0 6 0 
0 0 0 0 5 0 8 0 0 
0 0 0 0 1 0 0 0 0 
0 0 0 6 0 3 0 7 0 
5 0 0 2 0 0 0 0 0 
1 0 8 0 0 0 0 0 0 
count=357489953---------------------------

#35 of puzzle top95, cost 67016ms
spaces=64--------------------------
1 0 0 0 0 0 3 0 8 
0 6 0 4 0 0 0 0 0 
0 0 0 0 0 0 0 0 0 
2 0 3 0 1 0 0 0 0 
0 0 0 0 0 0 0 9 5 
8 0 0 0 0 0 0 0 0 
0 5 0 6 0 0 0 7 0 
0 0 0 0 8 0 2 0 0 
0 4 0 0 0 0 0 0 0 
count=1---------------------------

spaces=0--------------------------
1 2 4 5 9 7 3 6 8 
3 6 9 4 2 8 5 1 7 
5 8 7 3 6 1 9 2 4 
2 9 3 8 1 5 7 4 6 
4 1 6 2 7 3 8 9 5 
8 7 5 9 4 6 1 3 2 
9 5 8 6 3 2 4 7 1 
6 3 1 7 8 4 2 5 9 
7 4 2 1 5 9 6 8 3 
count=42112522---------------------------

#36 of puzzle top95, cost 7620ms
spaces=60--------------------------
1 0 0 0 0 6 0 8 0 
0 6 4 0 0 0 0 0 0 
0 0 0 0 4 0 0 0 7 
0 0 0 0 9 0 6 0 0 
0 7 0 4 0 0 5 0 0 
5 0 0 0 7 0 1 0 0 
0 5 0 0 0 0 3 2 0 
3 0 0 0 0 8 0 0 0 
4 0 0 0 0 0 0 0 0 
count=1---------------------------

spaces=0--------------------------
1 3 7 9 2 6 4 8 5 
9 6 4 5 8 7 2 3 1 
8 2 5 3 4 1 9 6 7 
2 4 1 8 9 5 6 7 3 
6 7 3 4 1 2 5 9 8 
5 8 9 6 7 3 1 4 2 
7 5 8 1 6 4 3 2 9 
3 9 6 2 5 8 7 1 4 
4 1 2 7 3 9 8 5 6 
count=128951---------------------------

#37 of puzzle top95, cost 23ms
spaces=59--------------------------
2 4 9 0 6 0 0 0 3 
0 3 0 0 0 0 2 0 0 
8 0 0 0 0 0 0 0 5 
0 0 0 0 0 6 0 0 0 
0 0 0 2 0 0 0 0 0 
0 1 0 0 4 0 8 2 0 
0 9 0 5 0 0 7 0 0 
0 0 4 0 0 0 0 0 1 
0 7 0 0 0 3 0 0 0 
count=1---------------------------

spaces=0--------------------------
2 4 9 8 6 5 1 7 3 
5 3 1 9 7 4 2 6 8 
8 6 7 1 3 2 4 9 5 
4 2 3 7 8 6 5 1 9 
9 8 6 2 5 1 3 4 7 
7 1 5 3 4 9 8 2 6 
6 9 2 5 1 8 7 3 4 
3 5 4 6 2 7 9 8 1 
1 7 8 4 9 3 6 5 2 
count=13507605---------------------------

#38 of puzzle top95, cost 2495ms
spaces=57--------------------------
0 0 0 8 0 0 0 0 9 
0 8 7 3 0 0 0 4 0 
6 0 0 7 0 0 0 0 0 
0 0 8 5 0 0 9 7 0 
0 0 0 0 0 0 0 0 0 
0 4 3 0 0 7 5 0 0 
0 0 0 0 0 3 0 0 0 
0 3 0 0 0 1 4 5 0 
4 0 0 0 0 2 0 0 1 
count=1---------------------------

spaces=0--------------------------
3 5 1 8 4 6 7 2 9 
2 8 7 3 1 9 6 4 5 
6 9 4 7 2 5 1 8 3 
1 6 8 5 3 4 9 7 2 
7 2 5 1 9 8 3 6 4 
9 4 3 2 6 7 5 1 8 
5 1 6 4 8 3 2 9 7 
8 3 2 9 7 1 4 5 6 
4 7 9 6 5 2 8 3 1 
count=99588---------------------------

#39 of puzzle top95, cost 18ms
spaces=64--------------------------
0 0 0 5 0 1 0 0 0 
0 9 0 0 0 0 8 0 0 
0 6 0 0 0 0 0 0 0 
4 0 1 0 0 0 0 0 0 
0 0 0 0 7 0 0 9 0 
0 0 0 0 0 0 0 3 0 
8 0 0 0 0 0 1 0 5 
0 0 0 2 0 0 4 0 0 
0 0 0 3 6 0 0 0 0 
count=1---------------------------

spaces=0--------------------------
7 4 8 5 9 1 3 2 6 
1 9 5 6 2 3 8 4 7 
2 6 3 4 8 7 5 1 9 
4 2 1 9 3 6 7 5 8 
3 5 6 8 7 4 2 9 1 
9 8 7 1 5 2 6 3 4 
8 3 2 7 4 9 1 6 5 
6 7 9 2 1 5 4 8 3 
5 1 4 3 6 8 9 7 2 
count=315759154---------------------------

#40 of puzzle top95, cost 58307ms
spaces=64--------------------------
0 0 0 0 0 0 8 0 1 
6 0 0 2 0 0 0 0 0 
0 0 0 7 0 5 0 0 0 
0 0 0 6 0 0 0 2 0 
0 1 0 0 0 0 3 0 0 
0 8 0 0 0 0 0 0 0 
2 0 0 0 0 0 0 7 0 
0 3 0 0 8 0 0 0 0 
5 0 0 0 4 0 0 0 0 
count=1---------------------------

spaces=0--------------------------
7 2 3 4 6 9 8 5 1 
6 5 1 2 3 8 7 9 4 
8 9 4 7 1 5 6 3 2 
3 7 5 6 9 1 4 2 8 
9 1 2 8 7 4 3 6 5 
4 8 6 5 2 3 9 1 7 
2 4 8 3 5 6 1 7 9 
1 3 7 9 8 2 5 4 6 
5 6 9 1 4 7 2 8 3 
count=2446155---------------------------

#41 of puzzle top95, cost 445ms
spaces=57--------------------------
0 4 7 6 0 0 0 5 0 
8 0 3 0 0 0 0 0 2 
0 0 0 0 0 9 0 0 0 
0 0 0 8 0 5 0 0 6 
0 0 0 1 0 0 0 0 0 
6 0 2 4 0 0 0 0 0 
0 7 8 0 0 0 5 1 0 
0 0 6 0 0 0 0 4 0 
0 9 0 0 0 4 0 0 7 
count=1---------------------------

spaces=0--------------------------
9 4 7 6 2 8 3 5 1 
8 6 3 7 5 1 4 9 2 
1 2 5 3 4 9 6 7 8 
7 3 4 8 9 5 1 2 6 
5 8 9 1 6 2 7 3 4 
6 1 2 4 7 3 9 8 5 
4 7 8 2 3 6 5 1 9 
2 5 6 9 1 7 8 4 3 
3 9 1 5 8 4 2 6 7 
count=331236---------------------------

#42 of puzzle top95, cost 60ms
spaces=58--------------------------
0 0 0 0 0 7 0 9 5 
0 0 0 0 0 1 0 0 0 
8 6 0 0 2 0 0 0 0 
0 2 0 0 7 3 0 0 8 
5 0 0 0 0 0 0 6 0 
0 0 3 0 0 4 9 0 0 
3 0 5 0 0 0 4 1 7 
2 4 0 0 0 0 0 0 0 
0 0 0 0 0 0 0 0 0 
count=1---------------------------

spaces=0--------------------------
1 3 2 4 6 7 8 9 5 
9 5 7 3 8 1 2 4 6 
8 6 4 5 2 9 7 3 1 
4 2 9 6 7 3 1 5 8 
5 7 8 9 1 2 3 6 4 
6 1 3 8 5 4 9 7 2 
3 8 5 2 9 6 4 1 7 
2 4 1 7 3 5 6 8 9 
7 9 6 1 4 8 5 2 3 
count=24569---------------------------

#43 of puzzle top95, cost 4ms
spaces=58--------------------------
0 4 0 5 0 0 0 0 0 
8 0 0 0 9 0 0 3 0 
0 7 6 0 2 0 0 0 0 
0 1 4 6 0 0 0 0 0 
0 0 0 0 0 9 0 0 7 
0 0 0 0 0 3 6 0 0 
0 0 1 0 0 4 0 5 0 
0 6 0 0 0 0 0 0 3 
0 0 7 1 0 0 2 0 0 
count=1---------------------------

spaces=0--------------------------
1 4 3 5 8 7 9 6 2 
8 5 2 4 9 6 7 3 1 
9 7 6 3 2 1 5 8 4 
2 1 4 6 7 5 3 9 8 
6 3 5 8 1 9 4 2 7 
7 8 9 2 4 3 6 1 5 
3 2 1 7 6 4 8 5 9 
4 6 8 9 5 2 1 7 3 
5 9 7 1 3 8 2 4 6 
count=122893---------------------------

#44 of puzzle top95, cost 22ms
spaces=64--------------------------
0 8 3 4 0 0 0 0 0 
0 0 0 0 7 0 0 5 0 
0 0 0 0 0 0 0 0 0 
0 4 0 1 0 8 0 0 0 
0 0 0 0 0 0 0 2 7 
0 0 0 3 0 0 0 0 0 
2 0 6 0 5 0 0 0 0 
5 0 0 0 0 0 8 0 0 
0 0 0 0 0 0 1 0 0 
count=1---------------------------

spaces=0--------------------------
7 8 3 4 6 5 2 1 9 
4 2 1 9 7 3 6 5 8 
9 6 5 2 8 1 7 3 4 
3 4 7 1 2 8 5 9 6 
1 9 8 5 4 6 3 2 7 
6 5 2 3 9 7 4 8 1 
2 1 6 8 5 4 9 7 3 
5 3 4 7 1 9 8 6 2 
8 7 9 6 3 2 1 4 5 
count=52702353---------------------------

#45 of puzzle top95, cost 9505ms
spaces=60--------------------------
0 0 9 0 0 0 0 0 3 
0 0 0 0 0 9 0 0 0 
7 0 0 0 0 0 5 0 6 
0 0 6 5 0 0 4 0 0 
0 0 0 3 0 0 0 0 0 
0 2 8 0 0 0 0 0 0 
3 0 0 7 5 0 6 0 0 
6 0 0 0 0 0 0 0 0 
0 0 0 1 2 0 3 0 8 
count=1---------------------------

spaces=0--------------------------
2 1 9 6 7 5 8 4 3 
8 6 5 4 3 9 7 2 1 
7 4 3 2 8 1 5 9 6 
9 3 6 5 1 2 4 8 7 
1 5 7 3 4 8 9 6 2 
4 2 8 9 6 7 1 3 5 
3 8 2 7 5 4 6 1 9 
6 7 1 8 9 3 2 5 4 
5 9 4 1 2 6 3 7 8 
count=930378---------------------------

#46 of puzzle top95, cost 171ms
spaces=59--------------------------
0 2 6 0 3 9 0 0 0 
0 0 0 6 0 0 0 0 1 
9 0 0 0 0 0 7 0 0 
0 0 0 0 0 4 0 0 9 
0 5 0 0 0 0 2 0 0 
0 0 8 5 0 0 0 0 0 
3 0 0 2 0 0 9 0 0 
4 0 0 0 0 7 6 2 0 
0 0 0 0 0 0 0 0 4 
count=1---------------------------

spaces=0--------------------------
1 2 6 7 3 9 8 4 5 
8 4 7 6 2 5 3 9 1 
9 3 5 4 8 1 7 6 2 
2 1 3 8 6 4 5 7 9 
6 5 4 9 7 3 2 1 8 
7 9 8 5 1 2 4 3 6 
3 6 1 2 4 8 9 5 7 
4 8 9 1 5 7 6 2 3 
5 7 2 3 9 6 1 8 4 
count=222844---------------------------

#47 of puzzle top95, cost 40ms
spaces=64--------------------------
2 0 3 0 8 0 0 0 0 
8 0 0 7 0 0 0 0 0 
0 0 0 0 0 0 1 0 0 
0 6 0 5 0 7 0 0 0 
4 0 0 0 0 0 0 3 0 
0 0 0 1 0 0 0 0 0 
0 0 0 0 0 0 0 8 2 
0 5 0 0 0 0 6 0 0 
0 1 0 0 0 0 0 0 0 
count=1---------------------------

spaces=0--------------------------
2 7 3 6 8 1 4 9 5 
8 9 1 7 5 4 2 6 3 
5 4 6 3 9 2 1 7 8 
1 6 9 5 3 7 8 2 4 
4 8 5 2 6 9 7 3 1 
3 2 7 1 4 8 9 5 6 
7 3 4 9 1 6 5 8 2 
9 5 8 4 2 3 6 1 7 
6 1 2 8 7 5 3 4 9 
count=105487367---------------------------

#48 of puzzle top95, cost 19718ms
spaces=64--------------------------
6 0 0 3 0 2 0 0 0 
0 1 0 0 0 0 0 5 0 
0 0 0 0 0 0 0 0 0 
7 0 2 6 0 0 0 0 0 
0 0 0 0 0 0 0 8 4 
3 0 0 0 0 0 0 0 0 
0 8 0 1 5 0 0 0 0 
0 0 0 0 8 0 2 0 0 
0 0 0 0 0 0 7 0 0 
count=1---------------------------

spaces=0--------------------------
6 5 4 3 1 2 8 7 9 
9 1 3 8 7 6 4 5 2 
8 2 7 4 9 5 1 3 6 
7 4 2 6 3 8 5 9 1 
1 6 5 7 2 9 3 8 4 
3 9 8 5 4 1 6 2 7 
2 8 6 1 5 7 9 4 3 
4 7 1 9 8 3 2 6 5 
5 3 9 2 6 4 7 1 8 
count=8045875---------------------------

#49 of puzzle top95, cost 1432ms
spaces=57--------------------------
1 0 0 0 0 0 9 0 0 
0 6 4 0 0 1 0 7 0 
0 7 0 0 4 0 0 0 0 
0 0 0 3 0 0 0 0 0 
3 0 8 9 0 0 5 0 0 
0 0 7 0 0 0 0 2 0 
0 0 0 0 6 0 7 0 9 
0 0 0 0 0 4 0 1 0 
0 0 0 1 2 9 0 3 0 
count=1---------------------------

spaces=0--------------------------
1 5 2 7 3 8 9 4 6 
8 6 4 2 9 1 3 7 5 
9 7 3 6 4 5 2 8 1 
2 1 6 3 5 7 4 9 8 
3 4 8 9 1 2 5 6 7 
5 9 7 4 8 6 1 2 3 
4 2 1 8 6 3 7 5 9 
6 3 9 5 7 4 8 1 2 
7 8 5 1 2 9 6 3 4 
count=3860107---------------------------

#50 of puzzle top95, cost 699ms
spaces=59--------------------------
0 0 0 0 0 0 0 0 0 
9 0 0 0 0 0 0 8 4 
0 6 2 3 0 0 0 5 0 
0 0 0 6 0 0 0 4 5 
3 0 0 0 1 0 0 0 6 
0 0 0 9 0 0 0 7 0 
0 0 0 1 0 0 0 0 0 
4 0 5 0 0 2 0 0 0 
0 3 0 8 0 0 0 0 9 
count=1---------------------------

spaces=0--------------------------
1 7 4 5 8 9 3 6 2 
9 5 3 2 6 1 7 8 4 
8 6 2 3 4 7 9 5 1 
2 1 9 6 7 3 8 4 5 
3 8 7 4 1 5 2 9 6 
5 4 6 9 2 8 1 7 3 
6 2 8 1 9 4 5 3 7 
4 9 5 7 3 2 6 1 8 
7 3 1 8 5 6 4 2 9 
count=472892---------------------------

#51 of puzzle top95, cost 86ms
spaces=55--------------------------
0 2 0 0 0 0 5 9 3 
8 0 0 5 0 0 4 6 0 
9 4 0 0 6 0 0 0 8 
0 0 2 0 3 0 0 0 0 
0 6 0 0 8 0 7 3 0 
7 0 0 2 0 0 0 0 0 
0 0 0 0 4 0 3 8 0 
0 7 0 0 0 0 6 0 0 
0 0 0 0 0 0 0 0 5 
count=1---------------------------

spaces=56--------------------------
9 0 4 0 0 5 0 0 0 
2 5 0 6 0 0 1 0 0 
3 1 0 0 0 0 0 0 8 
0 7 0 0 0 9 0 0 0 
4 0 0 2 6 0 0 0 0 
0 0 1 4 7 0 0 0 0 
7 0 0 0 0 0 0 0 2 
0 0 0 3 0 0 8 0 6 
0 4 0 0 0 0 0 9 0 
count=1---------------------------

spaces=0--------------------------
9 6 4 8 1 5 2 3 7 
2 5 8 6 3 7 1 4 9 
3 1 7 9 2 4 6 5 8 
8 7 2 1 5 9 3 6 4 
4 9 5 2 6 3 7 8 1 
6 3 1 4 7 8 9 2 5 
7 8 3 5 9 6 4 1 2 
5 2 9 3 4 1 8 7 6 
1 4 6 7 8 2 5 9 3 
count=29855---------------------------

#53 of puzzle top95, cost 5ms
spaces=58--------------------------
0 0 0 5 2 0 0 0 0 
0 9 0 0 0 3 0 0 4 
0 0 0 0 0 0 7 0 0 
0 1 0 0 0 0 0 4 0 
0 8 0 0 4 5 3 0 0 
6 0 0 0 1 0 0 0 8 
7 0 2 0 0 0 0 0 0 
0 0 8 0 0 0 0 3 2 
0 4 0 0 8 0 0 1 0 
count=1---------------------------

spaces=0--------------------------
4 7 6 5 2 9 1 8 3 
8 9 5 1 7 3 6 2 4 
3 2 1 8 6 4 7 9 5 
5 1 7 3 9 8 2 4 6 
2 8 9 6 4 5 3 7 1 
6 3 4 7 1 2 9 5 8 
7 5 2 4 3 1 8 6 9 
1 6 8 9 5 7 4 3 2 
9 4 3 2 8 6 5 1 7 
count=2043540---------------------------

#54 of puzzle top95, cost 367ms
spaces=56--------------------------
5 3 0 0 2 0 9 0 0 
0 2 4 0 3 0 0 5 0 
0 0 9 0 0 0 0 0 0 
0 0 0 0 1 0 8 2 7 
0 0 0 7 0 0 0 0 0 
0 0 0 0 9 8 1 0 0 
0 0 0 0 0 0 0 0 0 
0 0 6 4 0 0 0 0 9 
1 0 2 0 5 0 4 3 0 
count=1---------------------------

spaces=0--------------------------
5 3 8 1 2 7 9 4 6 
6 2 4 8 3 9 7 5 1 
7 1 9 6 4 5 3 8 2 
9 6 5 3 1 4 8 2 7 
3 8 1 7 6 2 5 9 4 
2 4 7 5 9 8 1 6 3 
4 9 3 2 8 1 6 7 5 
8 5 6 4 7 3 2 1 9 
1 7 2 9 5 6 4 3 8 
count=1370746---------------------------

#55 of puzzle top95, cost 259ms
spaces=59--------------------------
1 0 0 0 0 7 8 6 0 
0 0 7 0 0 8 0 1 0 
8 0 0 2 0 0 0 0 9 
0 0 0 0 0 0 0 0 2 
4 0 0 0 1 0 0 0 0 
0 0 9 0 0 5 0 0 0 
6 0 8 0 0 0 0 0 0 
0 0 0 0 5 0 9 0 0 
0 0 0 0 0 9 3 0 4 
count=1---------------------------

spaces=0--------------------------
1 2 4 5 9 7 8 6 3 
9 3 7 6 4 8 2 1 5 
8 5 6 2 3 1 7 4 9 
5 1 3 7 8 6 4 9 2 
4 8 2 9 1 3 6 5 7 
7 6 9 4 2 5 1 3 8 
6 9 8 3 7 4 5 2 1 
3 4 1 8 5 2 9 7 6 
2 7 5 1 6 9 3 8 4 
count=421756---------------------------

#56 of puzzle top95, cost 77ms
spaces=58--------------------------
0 0 0 0 5 0 0 0 1 
1 0 0 0 0 0 0 7 0 
0 6 0 0 0 0 0 8 0 
0 0 0 0 0 4 0 0 0 
0 0 9 0 1 0 3 0 0 
0 0 0 5 9 6 0 2 0 
0 8 0 0 6 2 0 0 7 
0 0 7 0 0 0 0 0 0 
3 0 5 0 7 0 2 0 0 
count=1---------------------------

spaces=0--------------------------
8 7 2 4 5 9 6 3 1 
1 5 4 6 8 3 9 7 2 
9 6 3 7 2 1 4 8 5 
2 1 6 8 3 4 7 5 9 
5 4 9 2 1 7 3 6 8 
7 3 8 5 9 6 1 2 4 
4 8 1 3 6 2 5 9 7 
6 2 7 9 4 5 8 1 3 
3 9 5 1 7 8 2 4 6 
count=3874370---------------------------

#57 of puzzle top95, cost 711ms
spaces=58--------------------------
0 4 7 0 2 0 0 0 0 
8 0 0 0 0 1 0 0 0 
0 3 0 0 0 0 9 0 2 
0 0 0 0 0 5 0 0 0 
6 0 0 8 1 0 0 5 0 
0 0 0 0 4 0 0 0 0 
0 7 0 0 0 0 3 0 4 
0 0 0 9 0 0 0 1 0 
4 0 0 2 7 0 8 0 0 
count=1---------------------------

spaces=0--------------------------
9 4 7 3 2 6 5 8 1 
8 5 2 4 9 1 6 7 3 
1 3 6 5 8 7 9 4 2 
2 8 4 7 3 5 1 6 9 
6 9 3 8 1 2 4 5 7 
7 1 5 6 4 9 2 3 8 
5 7 9 1 6 8 3 2 4 
3 2 8 9 5 4 7 1 6 
4 6 1 2 7 3 8 9 5 
count=622492---------------------------

#58 of puzzle top95, cost 115ms
spaces=58--------------------------
0 0 0 0 0 0 9 4 0 
0 0 0 0 9 0 0 0 5 
3 0 0 0 0 5 0 7 0 
0 8 0 4 0 0 1 0 0 
4 6 3 0 0 0 0 0 0 
0 0 0 0 0 7 0 8 0 
8 0 0 7 0 0 0 0 0 
7 0 0 0 0 0 0 2 8 
0 5 0 2 6 0 0 0 0 
count=1---------------------------

spaces=0--------------------------
2 1 5 8 7 6 9 4 3 
6 7 8 3 9 4 2 1 5 
3 4 9 1 2 5 8 7 6 
5 8 7 4 3 2 1 6 9 
4 6 3 9 8 1 7 5 2 
1 9 2 6 5 7 3 8 4 
8 2 6 7 4 3 5 9 1 
7 3 4 5 1 9 6 2 8 
9 5 1 2 6 8 4 3 7 
count=39496---------------------------

#59 of puzzle top95, cost 7ms
spaces=58--------------------------
0 2 0 0 0 0 0 0 6 
0 0 0 0 4 1 0 0 0 
0 0 7 8 0 0 0 0 1 
0 0 0 0 0 0 7 0 0 
0 0 3 7 0 0 0 0 0 
6 0 0 4 1 2 0 0 0 
0 1 0 0 7 4 0 0 5 
0 0 8 0 5 0 0 7 0 
0 0 0 0 0 3 9 0 0 
count=1---------------------------

spaces=0--------------------------
1 2 4 3 9 7 8 5 6 
8 3 5 6 4 1 2 9 7 
9 6 7 8 2 5 3 4 1 
2 4 1 5 3 8 7 6 9 
5 8 3 7 6 9 4 1 2 
6 7 9 4 1 2 5 3 8 
3 1 2 9 7 4 6 8 5 
4 9 8 2 5 6 1 7 3 
7 5 6 1 8 3 9 2 4 
count=85917---------------------------

#60 of puzzle top95, cost 16ms
spaces=64--------------------------
1 0 0 0 0 0 3 0 8 
0 6 0 4 0 0 0 0 0 
0 0 0 0 0 0 0 0 0 
2 0 3 0 1 0 0 0 0 
0 0 0 0 0 0 0 7 5 
8 0 0 0 0 0 0 0 0 
0 7 0 5 0 0 0 6 0 
0 0 0 0 8 0 2 0 0 
0 4 0 0 0 0 0 0 0 
count=1---------------------------

spaces=0--------------------------
1 2 5 9 7 6 3 4 8 
3 6 9 4 2 8 5 1 7 
7 8 4 3 5 1 9 2 6 
2 5 3 8 1 7 6 9 4 
4 1 6 2 9 3 8 7 5 
8 9 7 6 4 5 1 3 2 
9 7 8 5 3 2 4 6 1 
6 3 1 7 8 4 2 5 9 
5 4 2 1 6 9 7 8 3 
count=58972838---------------------------

#61 of puzzle top95, cost 10652ms
spaces=58--------------------------
2 0 0 0 0 1 0 9 0 
0 1 0 0 3 0 7 0 0 
9 0 0 8 0 0 0 2 0 
0 0 0 0 0 0 8 5 0 
0 6 0 4 0 0 0 0 0 
0 0 0 0 7 0 0 0 3 
0 2 0 3 0 0 0 6 0 
0 0 0 5 0 0 0 0 0 
1 0 9 0 0 0 2 0 5 
count=1---------------------------

spaces=0--------------------------
2 8 3 7 4 1 5 9 6 
6 1 5 2 3 9 7 4 8 
9 7 4 8 6 5 3 2 1 
3 9 7 1 2 6 8 5 4 
8 6 1 4 5 3 9 7 2 
4 5 2 9 7 8 6 1 3 
5 2 8 3 9 4 1 6 7 
7 3 6 5 1 2 4 8 9 
1 4 9 6 8 7 2 3 5 
count=1119046---------------------------

#62 of puzzle top95, cost 211ms
spaces=59--------------------------
0 0 7 0 0 8 0 0 0 
0 0 6 0 2 0 3 0 0 
0 3 0 0 0 0 0 0 9 
0 1 0 0 5 0 0 6 0 
0 0 0 0 1 0 0 0 0 
0 7 0 9 0 0 0 0 2 
0 0 0 0 0 0 0 0 4 
0 8 3 0 0 4 0 0 0 
2 6 0 0 0 0 5 1 0 
count=1---------------------------

spaces=0--------------------------
9 5 7 6 3 8 4 2 1 
1 4 6 7 2 9 3 8 5 
8 3 2 5 4 1 6 7 9 
4 1 9 3 5 2 7 6 8 
6 2 8 4 1 7 9 5 3 
3 7 5 9 8 6 1 4 2 
7 9 1 2 6 5 8 3 4 
5 8 3 1 7 4 2 9 6 
2 6 4 8 9 3 5 1 7 
count=8618943---------------------------

#63 of puzzle top95, cost 1607ms
spaces=60--------------------------
0 0 0 3 6 0 0 0 0 
8 5 0 0 0 0 0 0 0 
9 0 4 0 0 8 0 0 0 
0 0 0 0 0 6 8 0 0 
0 0 0 0 0 0 0 1 7 
0 0 9 0 0 4 5 0 0 
0 1 0 5 0 0 0 6 0 
4 0 0 0 0 9 0 0 2 
0 0 0 0 0 3 0 0 0 
count=1---------------------------

spaces=60--------------------------
3 4 0 6 0 0 0 0 0 
0 0 7 0 0 0 0 0 0 
0 2 0 0 8 0 5 7 0 
0 0 0 0 0 5 0 0 0 
0 7 0 0 1 0 0 2 0 
0 0 0 4 0 0 0 0 0 
0 3 6 0 2 0 0 1 0 
0 0 0 0 0 0 9 0 0 
0 0 0 0 0 7 0 8 2 
count=1---------------------------

spaces=0--------------------------
3 4 5 6 7 1 2 9 8 
9 8 7 2 5 3 1 4 6 
6 2 1 9 8 4 5 7 3 
2 6 4 7 9 5 8 3 1 
5 7 3 8 1 6 4 2 9 
1 9 8 4 3 2 6 5 7 
8 3 6 5 2 9 7 1 4 
7 1 2 3 4 8 9 6 5 
4 5 9 1 6 7 3 8 2 
count=793616---------------------------

#65 of puzzle top95, cost 148ms
spaces=64--------------------------
0 0 0 0 0 0 4 0 1 
8 0 0 2 0 0 0 0 0 
0 0 0 6 0 7 0 0 0 
0 0 0 8 0 0 0 6 0 
0 4 0 0 0 0 3 0 0 
0 1 0 0 0 0 0 0 0 
6 0 0 0 0 0 0 2 0 
0 5 0 0 1 0 0 0 0 
7 0 0 0 3 0 0 0 0 
count=1---------------------------

spaces=0--------------------------
2 6 5 3 8 9 4 7 1 
8 7 4 2 5 1 6 9 3 
1 9 3 6 4 7 8 5 2 
3 2 7 8 9 4 1 6 5 
9 4 6 1 2 5 3 8 7 
5 1 8 7 6 3 2 4 9 
6 3 1 5 7 8 9 2 4 
4 5 2 9 1 6 7 3 8 
7 8 9 4 3 2 5 1 6 
count=137997---------------------------

#66 of puzzle top95, cost 25ms
spaces=64--------------------------
0 4 0 0 5 0 0 6 7 
0 0 0 1 0 0 0 4 0 
0 0 0 2 0 0 0 0 0 
1 0 0 8 0 0 3 0 0 
0 0 0 0 0 0 2 0 0 
0 6 0 0 0 0 0 0 0 
0 0 0 0 4 0 0 5 0 
3 0 0 0 0 0 8 0 0 
2 0 0 0 0 0 0 0 0 
count=1---------------------------

spaces=0--------------------------
8 4 2 3 5 9 1 6 7 
5 7 3 1 8 6 9 4 2 
6 1 9 2 7 4 5 3 8 
1 2 7 8 6 5 3 9 4 
4 3 5 7 9 1 2 8 6 
9 6 8 4 2 3 7 1 5 
7 8 1 9 4 2 6 5 3 
3 5 4 6 1 7 8 2 9 
2 9 6 5 3 8 4 7 1 
count=117045---------------------------

#67 of puzzle top95, cost 21ms
spaces=59--------------------------
0 0 0 0 0 0 0 4 0 
0 0 2 0 0 4 0 0 1 
0 7 0 0 5 0 0 9 0 
0 0 3 0 0 7 0 0 0 
0 4 0 0 6 0 0 0 0 
6 0 0 1 0 0 8 0 0 
0 2 0 0 0 0 1 0 0 
8 5 0 9 0 0 0 6 0 
0 0 0 0 8 0 0 0 3 
count=1---------------------------

spaces=0--------------------------
5 3 8 2 1 9 7 4 6 
9 6 2 8 7 4 5 3 1 
1 7 4 3 5 6 2 9 8 
2 8 3 4 9 7 6 1 5 
7 4 1 5 6 8 3 2 9 
6 9 5 1 2 3 8 7 4 
3 2 9 6 4 5 1 8 7 
8 5 7 9 3 1 4 6 2 
4 1 6 7 8 2 9 5 3 
count=1608325---------------------------

#68 of puzzle top95, cost 304ms
spaces=58--------------------------
8 0 0 7 0 0 0 0 4 
0 5 0 0 0 0 6 0 0 
0 0 0 0 0 0 0 0 0 
0 3 0 9 7 0 0 0 8 
0 0 0 0 4 3 0 0 5 
0 0 0 0 2 0 9 0 0 
0 0 6 0 0 0 0 0 0 
2 0 0 0 6 0 0 0 7 
0 7 1 0 0 8 3 0 2 
count=1---------------------------

spaces=0--------------------------
8 6 3 7 5 1 2 9 4 
9 5 7 4 3 2 6 8 1 
1 2 4 6 8 9 5 7 3 
5 3 2 9 7 6 1 4 8 
6 1 9 8 4 3 7 2 5 
7 4 8 1 2 5 9 3 6 
3 8 6 2 1 7 4 5 9 
2 9 5 3 6 4 8 1 7 
4 7 1 5 9 8 3 6 2 
count=3810017---------------------------

#69 of puzzle top95, cost 698ms
spaces=64--------------------------
0 8 0 0 0 4 0 5 0 
0 0 0 7 0 0 3 0 0 
0 0 0 0 0 0 0 0 0 
0 1 0 0 8 5 0 0 0 
6 0 0 0 0 0 2 0 0 
0 0 0 0 4 0 0 0 0 
3 0 2 6 0 0 0 0 0 
0 0 0 0 0 0 0 4 1 
7 0 0 0 0 0 0 0 0 
count=1---------------------------

spaces=0--------------------------
9 8 6 3 2 4 1 5 7 
1 2 4 7 5 9 3 6 8 
5 3 7 8 6 1 4 2 9 
4 1 3 2 8 5 9 7 6 
6 9 5 1 7 3 2 8 4 
2 7 8 9 4 6 5 1 3 
3 4 2 6 1 7 8 9 5 
8 6 9 5 3 2 7 4 1 
7 5 1 4 9 8 6 3 2 
count=45699847---------------------------

#70 of puzzle top95, cost 8396ms
spaces=57--------------------------
0 0 0 0 7 0 0 8 0 
0 0 6 0 0 0 5 0 0 
0 2 0 0 0 3 0 6 1 
0 1 0 0 0 7 0 0 2 
0 0 8 0 0 5 3 4 0 
2 0 0 9 0 0 0 0 0 
0 0 2 0 0 0 0 0 0 
5 8 0 0 0 6 0 3 0 
4 0 0 0 1 0 0 0 0 
count=1---------------------------

spaces=0--------------------------
9 4 5 6 7 1 2 8 3 
1 3 6 4 8 2 5 9 7 
8 2 7 5 9 3 4 6 1 
6 1 4 8 3 7 9 5 2 
7 9 8 1 2 5 3 4 6 
2 5 3 9 6 4 1 7 8 
3 6 2 7 5 9 8 1 4 
5 8 1 2 4 6 7 3 9 
4 7 9 3 1 8 6 2 5 
count=200717---------------------------

#71 of puzzle top95, cost 36ms
spaces=64--------------------------
0 0 0 0 0 0 8 0 1 
6 0 0 2 0 0 0 0 0 
0 0 0 7 0 5 0 0 0 
0 0 0 6 0 0 0 2 0 
0 1 0 0 0 0 3 0 0 
0 8 0 0 0 0 0 0 0 
2 0 0 0 0 0 0 7 0 
0 4 0 0 8 0 0 0 0 
5 0 0 0 3 0 0 0 0 
count=1---------------------------

spaces=0--------------------------
7 2 4 3 6 9 8 5 1 
6 5 1 2 4 8 7 9 3 
8 9 3 7 1 5 6 4 2 
3 7 5 6 9 1 4 2 8 
9 1 2 8 7 4 3 6 5 
4 8 6 5 2 3 9 1 7 
2 3 8 4 5 6 1 7 9 
1 4 7 9 8 2 5 3 6 
5 6 9 1 3 7 2 8 4 
count=994757---------------------------

#72 of puzzle top95, cost 181ms
spaces=62--------------------------
0 2 0 0 0 0 0 0 0 
0 0 0 6 0 0 0 0 3 
0 7 4 0 8 0 0 0 0 
0 0 0 0 0 3 0 0 2 
0 8 0 0 4 0 0 1 0 
6 0 0 5 0 0 0 0 0 
0 0 0 0 1 0 7 8 0 
5 0 0 0 0 9 0 0 0 
0 0 0 0 0 0 0 4 0 
count=1---------------------------

spaces=0--------------------------
1 2 6 4 3 7 9 5 8 
8 9 5 6 2 1 4 7 3 
3 7 4 9 8 5 1 2 6 
4 5 7 1 9 3 8 6 2 
9 8 3 2 4 6 5 1 7 
6 1 2 5 7 8 3 9 4 
2 6 9 3 1 4 7 8 5 
5 4 8 7 6 9 2 3 1 
7 3 1 8 5 2 6 4 9 
count=156801---------------------------

#73 of puzzle top95, cost 28ms
spaces=56--------------------------
0 5 2 0 0 6 8 0 0 
0 0 0 0 0 7 0 2 0 
0 0 0 0 0 0 6 0 0 
0 0 4 8 0 0 9 0 0 
2 0 0 4 1 0 0 0 0 
0 0 1 0 0 0 0 0 8 
0 0 6 1 0 0 3 8 0 
0 0 0 0 9 0 0 0 6 
3 0 0 6 0 0 1 0 9 
count=1---------------------------

spaces=0--------------------------
1 5 2 9 4 6 8 3 7 
9 6 3 5 8 7 4 2 1 
8 4 7 2 3 1 6 9 5 
5 7 4 8 6 3 9 1 2 
2 8 9 4 1 5 7 6 3 
6 3 1 7 2 9 5 4 8 
7 9 6 1 5 2 3 8 4 
4 1 5 3 9 8 2 7 6 
3 2 8 6 7 4 1 5 9 
count=81255---------------------------

#74 of puzzle top95, cost 14ms
spaces=62--------------------------
0 0 0 0 1 0 7 8 0 
5 0 0 0 0 9 0 0 0 
0 0 0 0 0 0 0 4 0 
0 2 0 0 0 0 0 0 0 
0 0 0 6 0 0 0 0 3 
0 7 4 0 8 0 0 0 0 
0 0 0 0 0 3 0 0 2 
0 8 0 0 4 0 0 1 0 
6 0 0 5 0 0 0 0 0 
count=1---------------------------

spaces=0--------------------------
2 6 9 3 1 4 7 8 5 
5 4 8 7 6 9 2 3 1 
7 3 1 8 5 2 6 4 9 
1 2 6 4 3 7 9 5 8 
8 9 5 6 2 1 4 7 3 
3 7 4 9 8 5 1 2 6 
4 5 7 1 9 3 8 6 2 
9 8 3 2 4 6 5 1 7 
6 1 2 5 7 8 3 9 4 
count=4093275---------------------------

#75 of puzzle top95, cost 749ms
spaces=58--------------------------
1 0 0 0 0 0 0 0 3 
0 6 0 3 0 0 7 0 0 
0 7 0 0 0 5 0 0 1 
2 1 0 7 0 0 0 9 0 
0 0 7 0 0 0 0 0 0 
0 0 8 0 1 0 0 2 0 
0 0 0 8 0 6 4 0 0 
0 0 9 0 2 0 0 6 0 
0 0 0 4 0 0 0 0 0 
count=1---------------------------

spaces=0--------------------------
1 5 2 6 7 8 9 4 3 
8 6 4 3 9 1 7 5 2 
9 7 3 2 4 5 6 8 1 
2 1 5 7 6 3 8 9 4 
4 9 7 5 8 2 1 3 6 
6 3 8 9 1 4 5 2 7 
3 2 1 8 5 6 4 7 9 
5 4 9 1 2 7 3 6 8 
7 8 6 4 3 9 2 1 5 
count=104111---------------------------

#76 of puzzle top95, cost 19ms
spaces=56--------------------------
4 0 0 0 7 0 1 0 0 
0 0 1 9 0 4 6 0 5 
0 0 0 0 0 1 0 0 0 
0 0 0 7 0 0 0 0 2 
0 0 2 0 3 0 0 0 0 
8 4 7 0 0 6 0 0 0 
0 1 4 0 0 0 8 0 6 
0 2 0 0 0 0 3 0 0 
6 0 0 0 9 0 0 0 0 
count=1---------------------------

spaces=0--------------------------
4 9 6 5 7 3 1 2 8 
3 8 1 9 2 4 6 7 5 
2 7 5 8 6 1 9 4 3 
1 5 3 7 8 9 4 6 2 
9 6 2 4 3 5 7 8 1 
8 4 7 2 1 6 5 3 9 
7 1 4 3 5 2 8 9 6 
5 2 9 6 4 8 3 1 7 
6 3 8 1 9 7 2 5 4 
count=3548365---------------------------

#77 of puzzle top95, cost 658ms
spaces=64--------------------------
0 0 0 0 0 0 8 0 1 
7 0 0 2 0 0 0 0 0 
0 0 0 5 0 6 0 0 0 
0 0 0 7 0 0 0 5 0 
0 1 0 0 0 0 3 0 0 
0 8 0 0 0 0 0 0 0 
5 0 0 0 0 0 0 2 0 
0 3 0 0 8 0 0 0 0 
6 0 0 0 4 0 0 0 0 
count=1---------------------------

spaces=0--------------------------
2 5 3 4 7 9 8 6 1 
7 6 1 2 3 8 5 9 4 
8 9 4 5 1 6 7 3 2 
3 2 6 7 9 1 4 5 8 
9 1 5 8 2 4 3 7 6 
4 8 7 6 5 3 2 1 9 
5 4 8 1 6 7 9 2 3 
1 3 2 9 8 5 6 4 7 
6 7 9 3 4 2 1 8 5 
count=85231---------------------------

#78 of puzzle top95, cost 15ms
spaces=60--------------------------
9 6 3 0 0 0 0 0 0 
1 0 0 0 0 8 0 0 0 
0 0 0 2 0 5 0 0 0 
0 4 0 8 0 0 0 0 0 
0 1 0 0 0 0 7 0 0 
0 0 0 0 3 0 0 2 5 
7 0 0 0 0 0 0 3 0 
0 0 9 0 2 0 4 0 7 
0 0 0 0 0 0 9 0 0 
count=1---------------------------

spaces=0--------------------------
9 6 3 7 4 1 2 5 8 
1 5 2 3 9 8 6 7 4 
8 7 4 2 6 5 3 9 1 
3 4 5 8 7 2 1 6 9 
2 1 8 9 5 6 7 4 3 
6 9 7 1 3 4 8 2 5 
7 2 1 4 8 9 5 3 6 
5 8 9 6 2 3 4 1 7 
4 3 6 5 1 7 9 8 2 
count=288963---------------------------

#79 of puzzle top95, cost 53ms
spaces=57--------------------------
1 5 0 3 0 0 0 0 0 
0 7 0 0 4 0 2 0 0 
0 0 4 0 7 2 0 0 0 
0 0 8 0 0 0 0 0 0 
0 0 0 9 0 0 1 0 8 
0 1 0 0 8 0 7 9 0 
0 0 0 0 0 3 8 0 0 
0 0 0 0 0 0 0 0 0 
6 0 0 0 0 7 4 2 3 
count=1---------------------------

spaces=0--------------------------
1 5 2 3 9 8 6 4 7 
9 7 3 6 4 1 2 8 5 
8 6 4 5 7 2 9 3 1 
5 9 8 7 1 4 3 6 2 
2 4 7 9 3 6 1 5 8 
3 1 6 2 8 5 7 9 4 
7 2 5 4 6 3 8 1 9 
4 3 1 8 2 9 5 7 6 
6 8 9 1 5 7 4 2 3 
count=502104---------------------------

#80 of puzzle top95, cost 91ms
spaces=56--------------------------
0 0 0 0 0 0 0 0 0 
0 5 7 2 4 0 0 0 9 
8 0 0 0 0 9 4 7 0 
0 0 9 0 0 3 0 0 0 
5 0 0 9 0 0 1 2 0 
0 0 3 0 1 0 9 0 0 
0 6 0 0 0 0 2 5 0 
0 0 0 5 6 0 0 0 0 
0 7 0 0 0 0 0 0 6 
count=1---------------------------

spaces=0--------------------------
9 4 6 7 3 1 5 8 2 
1 5 7 2 4 8 6 3 9 
8 3 2 6 5 9 4 7 1 
7 1 9 4 2 3 8 6 5 
5 8 4 9 7 6 1 2 3 
6 2 3 8 1 5 9 4 7 
4 6 1 3 9 7 2 5 8 
3 9 8 5 6 2 7 1 4 
2 7 5 1 8 4 3 9 6 
count=275985---------------------------

#81 of puzzle top95, cost 50ms
spaces=64--------------------------
0 0 0 0 7 5 0 0 0 
0 1 0 0 2 0 0 0 0 
0 4 0 0 0 3 0 0 0 
5 0 0 0 0 0 3 0 2 
0 0 0 8 0 0 0 1 0 
0 0 0 0 0 0 6 0 0 
0 0 0 1 0 0 4 8 0 
2 0 0 0 0 0 0 0 0 
7 0 0 0 0 0 0 0 0 
count=1---------------------------

spaces=0--------------------------
9 3 2 4 7 5 8 6 1 
6 1 7 9 2 8 5 3 4 
8 4 5 6 1 3 2 7 9 
5 6 8 7 4 1 3 9 2 
4 2 9 8 3 6 7 1 5 
1 7 3 2 5 9 6 4 8 
3 5 6 1 9 2 4 8 7 
2 9 4 3 8 7 1 5 6 
7 8 1 5 6 4 9 2 3 
count=7238985---------------------------

#82 of puzzle top95, cost 1343ms
spaces=64--------------------------
6 0 0 0 0 0 7 0 3 
0 4 0 8 0 0 0 0 0 
0 0 0 0 0 0 0 0 0 
0 0 0 5 0 4 0 8 0 
7 0 0 2 0 0 0 0 0 
1 0 3 0 0 0 0 0 0 
0 2 0 0 0 0 0 5 0 
0 0 0 0 7 0 9 0 0 
0 0 0 0 1 0 0 0 0 
count=1---------------------------

spaces=64--------------------------
6 0 0 0 0 0 7 0 3 
0 4 0 8 0 0 0 0 0 
0 0 0 0 0 0 0 0 0 
0 0 0 5 0 4 0 8 0 
7 0 0 2 0 0 0 0 0 
1 0 3 0 0 0 0 0 0 
0 2 0 0 0 0 0 5 0 
0 0 0 0 7 0 9 0 0 
0 0 0 0 1 0 0 0 0 
count=14454549---------------------------

#83 of puzzle top95, cost 2619ms
spaces=58--------------------------
0 0 0 0 6 0 0 0 4 
0 0 6 0 3 0 0 0 0 
1 0 0 4 0 0 5 0 7 
7 0 0 0 0 0 8 0 5 
0 0 0 8 0 0 0 0 0 
6 0 8 0 0 0 0 9 0 
0 0 2 0 9 0 0 0 0 
4 0 0 0 0 3 2 0 0 
0 0 9 7 0 0 1 0 0 
count=1---------------------------

spaces=0--------------------------
9 5 7 2 6 1 3 8 4 
8 4 6 5 3 7 9 2 1 
1 2 3 4 8 9 5 6 7 
7 3 4 9 2 6 8 1 5 
2 9 5 8 1 4 7 3 6 
6 1 8 3 7 5 4 9 2 
5 7 2 1 9 8 6 4 3 
4 8 1 6 5 3 2 7 9 
3 6 9 7 4 2 1 5 8 
count=191611---------------------------

#84 of puzzle top95, cost 36ms
spaces=57--------------------------
0 3 2 0 0 0 0 0 5 
8 0 0 3 0 0 0 0 0 
9 0 4 2 8 0 0 0 1 
0 0 0 4 0 0 0 3 9 
0 0 0 6 0 0 0 5 0 
0 0 0 0 1 0 0 0 0 
0 2 0 0 0 6 7 0 8 
0 0 0 0 0 4 0 0 0 
0 9 5 0 0 0 0 6 0 
count=1---------------------------

spaces=0--------------------------
1 3 2 7 4 9 6 8 5 
8 5 7 3 6 1 9 2 4 
9 6 4 2 8 5 3 7 1 
2 1 6 4 5 7 8 3 9 
3 4 8 6 9 2 1 5 7 
5 7 9 8 1 3 2 4 6 
4 2 1 5 3 6 7 9 8 
6 8 3 9 7 4 5 1 2 
7 9 5 1 2 8 4 6 3 
count=11738---------------------------

#85 of puzzle top95, cost 2ms
spaces=58--------------------------
0 0 0 5 0 3 0 0 0 
0 0 0 0 6 0 7 0 0 
5 0 8 0 0 0 0 1 6 
3 6 0 0 2 0 0 0 0 
0 0 0 4 0 1 0 0 0 
0 0 0 0 3 0 0 0 5 
6 7 0 0 0 0 2 0 8 
0 0 4 0 7 0 0 0 0 
0 0 0 2 0 0 5 0 0 
count=1---------------------------

spaces=0--------------------------
7 4 6 5 1 3 8 9 2 
1 3 2 8 6 9 7 5 4 
5 9 8 7 4 2 3 1 6 
3 6 7 9 2 5 4 8 1 
9 2 5 4 8 1 6 7 3 
4 8 1 6 3 7 9 2 5 
6 7 9 1 5 4 2 3 8 
2 5 4 3 7 8 1 6 9 
8 1 3 2 9 6 5 4 7 
count=182743---------------------------

#86 of puzzle top95, cost 34ms
spaces=57--------------------------
0 5 0 3 0 7 0 4 0 
1 0 0 0 0 0 0 0 0 
0 3 0 0 0 0 0 0 0 
5 0 8 0 3 0 6 1 0 
0 0 0 8 0 0 5 0 9 
0 6 0 0 1 0 0 0 0 
0 0 0 0 4 0 0 0 6 
0 0 0 6 9 2 7 0 0 
0 0 2 0 0 0 9 0 0 
count=1---------------------------

spaces=0--------------------------
9 5 6 3 2 7 8 4 1 
1 2 7 4 8 6 3 9 5 
8 3 4 9 5 1 2 6 7 
5 4 8 7 3 9 6 1 2 
2 7 1 8 6 4 5 3 9 
3 6 9 2 1 5 4 7 8 
7 9 3 5 4 8 1 2 6 
4 1 5 6 9 2 7 8 3 
6 8 2 1 7 3 9 5 4 
count=171384---------------------------

#87 of puzzle top95, cost 31ms
spaces=58--------------------------
0 0 5 0 0 8 0 0 1 
8 0 0 0 0 0 0 9 0 
0 0 0 0 0 0 7 8 0 
0 0 0 4 0 0 0 0 0 
6 4 0 0 0 0 9 0 0 
0 0 0 0 5 3 0 0 2 
0 6 0 0 0 0 0 0 0 
0 0 1 3 8 0 0 5 0 
0 0 0 9 0 7 1 4 0 
count=1---------------------------

spaces=0--------------------------
9 3 5 7 4 8 6 2 1 
8 7 6 2 3 1 5 9 4 
1 2 4 6 9 5 7 8 3 
5 1 2 4 6 9 3 7 8 
6 4 3 8 7 2 9 1 5 
7 8 9 1 5 3 4 6 2 
2 6 7 5 1 4 8 3 9 
4 9 1 3 8 6 2 5 7 
3 5 8 9 2 7 1 4 6 
count=34793608---------------------------

#88 of puzzle top95, cost 6394ms
spaces=57--------------------------
0 0 0 0 0 0 0 0 0 
0 7 2 0 6 0 1 0 0 
0 0 5 1 0 0 0 8 2 
0 8 0 0 0 1 3 0 0 
4 0 0 0 0 0 0 0 0 
0 3 7 0 9 0 0 1 0 
0 0 0 0 2 3 8 0 0 
5 0 4 0 0 9 0 0 0 
0 0 0 0 0 0 7 9 0 
count=1---------------------------

spaces=58--------------------------
0 0 0 6 5 8 0 0 0 
0 0 4 0 0 0 0 0 0 
1 2 0 0 0 0 0 0 0 
0 0 0 0 0 9 6 0 7 
0 0 0 3 0 0 5 0 0 
0 0 2 0 8 0 0 0 3 
0 0 1 9 0 0 8 0 0 
3 0 6 0 0 0 0 0 4 
0 0 0 0 4 7 3 0 0 
count=1---------------------------

spaces=0--------------------------
9 3 7 6 5 8 2 4 1 
8 6 4 2 9 1 7 3 5 
1 2 5 7 3 4 9 8 6 
5 8 3 4 1 9 6 2 7 
6 4 9 3 7 2 5 1 8 
7 1 2 5 8 6 4 9 3 
4 7 1 9 6 3 8 5 2 
3 9 6 8 2 5 1 7 4 
2 5 8 1 4 7 3 6 9 
count=1785480---------------------------

#90 of puzzle top95, cost 329ms
spaces=58--------------------------
0 2 0 3 0 0 0 0 0 
0 0 6 0 0 8 0 9 0 
8 3 0 5 0 0 0 0 0 
0 0 0 2 0 0 0 8 0 
7 0 9 0 0 5 0 0 0 
0 0 0 0 0 6 0 0 4 
0 0 0 0 0 0 0 1 0 
0 0 1 0 0 0 4 0 2 
2 0 0 7 0 0 8 0 9 
count=1---------------------------

spaces=0--------------------------
9 2 4 3 6 1 7 5 8 
1 5 6 4 7 8 2 9 3 
8 3 7 5 9 2 6 4 1 
6 1 3 2 4 7 9 8 5 
7 4 9 1 8 5 3 2 6 
5 8 2 9 3 6 1 7 4 
4 9 8 6 2 3 5 1 7 
3 7 1 8 5 9 4 6 2 
2 6 5 7 1 4 8 3 9 
count=38792---------------------------

#91 of puzzle top95, cost 7ms
spaces=59--------------------------
0 5 0 0 9 0 0 0 0 
1 0 0 0 0 0 6 0 0 
0 0 0 3 0 8 0 0 0 
0 0 8 0 4 0 0 0 9 
5 1 4 0 0 0 0 0 0 
0 3 0 0 0 0 2 0 0 
0 0 0 0 0 0 0 0 4 
0 8 0 0 0 6 0 0 7 
7 0 0 1 5 0 0 6 0 
count=1---------------------------

spaces=0--------------------------
8 5 6 4 9 1 3 7 2 
1 4 3 5 7 2 6 9 8 
9 2 7 3 6 8 4 5 1 
2 7 8 6 4 5 1 3 9 
5 1 4 9 2 3 7 8 6 
6 3 9 8 1 7 2 4 5 
3 6 1 7 8 9 5 2 4 
4 8 5 2 3 6 9 1 7 
7 9 2 1 5 4 8 6 3 
count=966688---------------------------

#92 of puzzle top95, cost 178ms
spaces=58--------------------------
0 0 0 0 0 2 0 0 0 
0 0 0 0 7 0 0 0 1 
7 0 0 3 0 0 0 9 0 
8 0 0 7 0 0 0 0 0 
0 2 0 8 9 0 6 0 0 
0 1 3 0 0 6 0 0 0 
0 9 0 0 5 0 8 2 4 
0 0 0 0 0 8 9 1 0 
0 0 0 0 0 0 0 0 0 
count=1---------------------------

spaces=0--------------------------
6 5 9 4 1 2 3 7 8 
2 3 8 6 7 9 4 5 1 
7 4 1 3 8 5 2 9 6 
8 6 5 7 2 3 1 4 9 
4 2 7 8 9 1 6 3 5 
9 1 3 5 4 6 7 8 2 
3 9 6 1 5 7 8 2 4 
5 7 4 2 6 8 9 1 3 
1 8 2 9 3 4 5 6 7 
count=1501272---------------------------

#93 of puzzle top95, cost 275ms
spaces=64--------------------------
3 0 0 0 8 0 0 0 0 
0 0 0 7 0 0 0 0 5 
1 0 0 0 0 0 0 0 0 
0 0 0 0 0 0 3 6 0 
0 0 2 0 0 4 0 0 0 
0 7 0 0 0 0 0 0 0 
0 0 0 0 6 0 1 3 0 
0 4 5 2 0 0 0 0 0 
0 0 0 0 0 0 8 0 0 
count=1---------------------------

spaces=0--------------------------
3 5 4 1 8 6 9 2 7 
2 9 8 7 4 3 6 1 5 
1 6 7 9 5 2 4 8 3 
4 8 1 5 2 7 3 6 9 
9 3 2 6 1 4 5 7 8 
5 7 6 3 9 8 2 4 1 
7 2 9 8 6 5 1 3 4 
8 4 5 2 3 1 7 9 6 
6 1 3 4 7 9 8 5 2 
count=35772865---------------------------

#94 of puzzle top95, cost 6732ms
solved 90 of 95 top95 puzzles, total 550935ms, avg 5799.32ms, max 131285ms
spaces=59--------------------------
8 5 0 0 0 2 4 0 0 
7 2 0 0 0 0 0 0 9 
0 0 4 0 0 0 0 0 0 
0 0 0 1 0 7 0 0 2 
3 0 5 0 0 0 9 0 0 
0 4 0 0 0 0 0 0 0 
0 0 0 0 8 0 0 7 0 
0 1 7 0 0 0 0 0 0 
0 0 0 0 3 6 0 4 0 
count=1---------------------------

spaces=0--------------------------
8 5 9 6 1 2 4 3 7 
7 2 3 8 5 4 1 6 9 
1 6 4 3 7 9 5 2 8 
9 8 6 1 4 7 3 5 2 
3 7 5 2 6 8 9 1 4 
2 4 1 5 9 3 7 8 6 
4 3 2 9 8 1 6 7 5 
6 1 7 4 2 5 8 9 3 
5 9 8 7 3 6 2 4 1 
count=1112210---------------------------

#0 of puzzle hardest, cost 201ms
spaces=58--------------------------
0 0 5 3 0 0 0 0 0 
8 0 0 0 0 0 0 2 0 
0 7 0 0 1 0 5 0 0 
4 0 0 0 0 5 3 0 0 
0 1 0 0 7 0 0 0 6 
0 0 3 2 0 0 0 8 0 
0 6 0 5 0 0 0 0 9 
0 0 4 0 0 0 0 3 0 
0 0 0 0 0 9 7 0 0 
count=1---------------------------

spaces=0--------------------------
1 4 5 3 2 7 6 9 8 
8 3 9 6 5 4 1 2 7 
6 7 2 9 1 8 5 4 3 
4 9 6 1 8 5 3 7 2 
2 1 8 4 7 3 9 5 6 
7 5 3 2 9 6 4 8 1 
3 6 7 5 4 2 8 1 9 
9 8 4 7 6 1 2 3 5 
5 2 1 8 3 9 7 6 4 
count=19959---------------------------

#1 of puzzle hardest, cost 3ms
spaces=55--------------------------
1 2 0 0 4 0 0 0 0 
0 0 5 0 6 9 0 1 0 
0 0 9 0 0 0 5 0 0 
0 0 0 0 0 0 0 7 0 
7 0 0 0 5 2 0 9 0 
0 3 0 0 0 0 0 0 2 
0 9 0 6 0 0 0 5 0 
4 0 0 9 0 0 8 0 1 
0 0 3 0 0 0 9 0 4 
count=1---------------------------

spaces=0--------------------------
1 2 8 5 4 7 6 3 9 
3 4 5 8 6 9 2 1 7 
6 7 9 2 1 3 5 4 8 
9 1 2 4 8 6 3 7 5 
7 8 4 3 5 2 1 9 6 
5 3 6 7 9 1 4 8 2 
8 9 1 6 2 4 7 5 3 
4 6 7 9 3 5 8 2 1 
2 5 3 1 7 8 9 6 4 
count=1071257---------------------------

#2 of puzzle hardest, cost 195ms
spaces=57--------------------------
0 0 0 5 7 0 0 3 0 
1 0 0 0 0 0 0 2 0 
7 0 0 0 2 3 4 0 0 
0 0 0 0 8 0 0 0 4 
0 0 7 0 0 4 0 0 0 
4 9 0 0 0 0 6 0 5 
0 4 2 0 0 0 3 0 0 
0 0 0 7 0 0 9 0 0 
0 0 1 8 0 0 0 0 0 
count=1---------------------------

spaces=0--------------------------
6 2 4 5 7 8 1 3 9 
1 3 5 4 9 6 8 2 7 
7 8 9 1 2 3 4 5 6 
2 1 6 3 8 5 7 9 4 
8 5 7 9 6 4 2 1 3 
4 9 3 2 1 7 6 8 5 
9 4 2 6 5 1 3 7 8 
5 6 8 7 3 2 9 4 1 
3 7 1 8 4 9 5 6 2 
count=280374---------------------------

#3 of puzzle hardest, cost 51ms
spaces=59--------------------------
7 0 0 1 5 2 3 0 0 
0 0 0 0 0 0 9 2 0 
0 0 0 3 0 0 0 0 0 
1 0 0 0 0 4 7 0 8 
0 0 0 0 0 0 0 6 0 
0 0 0 0 0 0 0 0 0 
0 0 9 0 0 0 5 0 6 
0 4 0 9 0 7 0 0 0 
8 0 0 0 0 6 0 1 0 
count=1---------------------------

spaces=0--------------------------
7 9 6 1 5 2 3 8 4 
5 3 1 4 6 8 9 2 7 
4 2 8 3 7 9 6 5 1 
1 5 2 6 3 4 7 9 8 
3 8 4 7 9 1 2 6 5 
9 6 7 2 8 5 1 4 3 
2 1 9 8 4 3 5 7 6 
6 4 5 9 1 7 8 3 2 
8 7 3 5 2 6 4 1 9 
count=941198---------------------------

#4 of puzzle hardest, cost 178ms
spaces=58--------------------------
1 0 0 0 0 7 0 9 0 
0 3 0 0 2 0 0 0 8 
0 0 9 6 0 0 5 0 0 
0 0 5 3 0 0 9 0 0 
0 1 0 0 8 0 0 0 2 
6 0 0 0 0 4 0 0 0 
3 0 0 0 0 0 0 1 0 
0 4 0 0 0 0 0 0 7 
0 0 7 0 0 0 3 0 0 
count=1---------------------------

spaces=0--------------------------
1 6 2 8 5 7 4 9 3 
5 3 4 1 2 9 6 7 8 
7 8 9 6 4 3 5 2 1 
4 7 5 3 1 2 9 8 6 
9 1 3 5 8 6 7 4 2 
6 2 8 7 9 4 1 3 5 
3 5 6 4 7 8 2 1 9 
2 4 1 9 3 5 8 6 7 
8 9 7 2 6 1 3 5 4 
count=45186---------------------------

#5 of puzzle hardest, cost 8ms
spaces=53--------------------------
1 0 0 0 3 4 0 8 0 
0 0 0 8 0 0 5 0 0 
0 0 4 0 6 0 0 2 1 
0 1 8 0 0 0 0 0 0 
3 0 0 1 0 2 0 0 6 
0 0 0 0 0 0 8 1 0 
5 2 0 0 7 0 9 0 0 
0 0 6 0 0 9 0 0 0 
0 9 0 6 4 0 0 0 2 
count=1---------------------------

spaces=0--------------------------
1 5 2 9 3 4 6 8 7 
7 6 3 8 2 1 5 4 9 
9 8 4 5 6 7 3 2 1 
6 1 8 4 9 3 2 7 5 
3 7 5 1 8 2 4 9 6 
2 4 9 7 5 6 8 1 3 
5 2 1 3 7 8 9 6 4 
4 3 6 2 1 9 7 5 8 
8 9 7 6 4 5 1 3 2 
count=92648---------------------------

#6 of puzzle hardest, cost 16ms
spaces=53--------------------------
0 0 0 9 2 0 0 0 0 
0 0 6 8 0 3 0 0 0 
1 9 0 0 7 0 0 0 6 
2 3 0 0 4 0 1 0 0 
0 0 1 0 0 0 7 0 0 
0 0 8 0 3 0 0 2 9 
7 0 0 0 8 0 0 9 1 
0 0 0 5 0 7 2 0 0 
0 0 0 0 6 4 0 0 0 
count=1---------------------------

spaces=57--------------------------
0 6 0 5 0 4 0 3 0 
1 0 0 0 9 0 0 0 8 
0 0 0 0 0 0 0 0 0 
9 0 0 0 5 0 0 0 6 
0 4 0 6 0 2 0 7 0 
7 0 0 0 4 0 0 0 5 
0 0 0 0 0 0 0 0 0 
4 0 0 0 8 0 0 0 1 
0 5 0 2 0 3 0 4 0 
count=1---------------------------

spaces=0--------------------------
8 6 9 5 7 4 1 3 2 
1 2 4 3 9 6 7 5 8 
3 7 5 1 2 8 6 9 4 
9 3 2 8 5 7 4 1 6 
5 4 1 6 3 2 8 7 9 
7 8 6 9 4 1 3 2 5 
2 1 7 4 6 9 5 8 3 
4 9 3 7 8 5 2 6 1 
6 5 8 2 1 3 9 4 7 
count=143862---------------------------

#8 of puzzle hardest, cost 26ms
spaces=53--------------------------
7 0 0 0 0 0 4 0 0 
0 2 0 0 7 0 0 8 0 
0 0 3 0 0 8 0 7 9 
9 0 0 5 0 0 3 0 0 
0 6 0 0 2 0 0 9 0 
0 0 1 0 9 7 0 0 6 
0 0 0 3 0 0 9 0 0 
0 3 0 0 4 0 0 6 0 
0 0 9 0 0 1 0 3 5 
count=1---------------------------

spaces=0--------------------------
7 9 8 6 3 5 4 2 1 
1 2 6 9 7 4 5 8 3 
4 5 3 2 1 8 6 7 9 
9 7 2 5 8 6 3 1 4 
5 6 4 1 2 3 8 9 7 
3 8 1 4 9 7 2 5 6 
6 1 7 3 5 2 9 4 8 
8 3 5 7 4 9 1 6 2 
2 4 9 8 6 1 7 3 5 
count=24086---------------------------

#9 of puzzle hardest, cost 4ms
spaces=59--------------------------
0 0 0 0 7 0 0 2 0 
8 0 0 0 0 0 0 0 6 
0 1 0 2 0 5 0 0 0 
9 0 5 4 0 0 0 0 8 
0 0 0 0 0 0 0 0 0 
3 0 0 0 0 8 5 0 1 
0 0 0 3 0 2 0 8 0 
4 0 0 0 0 0 0 0 9 
0 7 0 0 6 0 0 0 0 
count=1---------------------------

spaces=0--------------------------
5 9 4 8 7 6 1 2 3 
8 2 3 9 1 4 7 5 6 
6 1 7 2 3 5 8 9 4 
9 6 5 4 2 1 3 7 8 
7 8 1 6 5 3 9 4 2 
3 4 2 7 9 8 5 6 1 
1 5 9 3 4 2 6 8 7 
4 3 6 5 8 7 2 1 9 
2 7 8 1 6 9 4 3 5 
count=205398---------------------------

#10 of puzzle hardest, cost 37ms
solved 11 of 11 hardest puzzles, total 719ms, avg 65.36ms, max 201ms
